# Pressure:     1.000E-04 Ba
# Temperature:   1300.000 K
#  lambda [mu]   kappa [cm^2/mol]
    0.500000      8.0145873E-30
    0.505000      6.1324436E-30
    0.510050      5.7195302E-30
    0.515150      2.9099654E-30
    0.520302      1.5767727E-30
    0.525505      1.3404046E-30
    0.530760      1.1450983E-30
    0.536068      3.2733294E-30
    0.541428      4.3013233E-30
    0.546843      3.8630789E-30
    0.552311      2.6276132E-30
    0.557834      1.5603309E-30
    0.563413      6.1306588E-30
    0.569047      5.8827750E-30
    0.574737      8.0756968E-30
    0.580484      1.0620668E-29
    0.586289      3.0497831E-24
    0.592152      5.2739127E-29
    0.598074      4.0491013E-29
    0.604054      2.2478269E-29
    0.610095      1.0699550E-29
    0.616196      9.1760060E-30
    0.622358      1.5782056E-29
    0.628582      1.2506932E-29
    0.634867      1.4751499E-29
    0.641216      5.0667458E-29
    0.647628      4.3829857E-29
    0.654104      5.0962733E-29
    0.660645      3.7165937E-29
    0.667252      2.0487334E-29
    0.673924      1.5957325E-29
    0.680664      1.1993639E-29
    0.687470      1.5402081E-28
    0.694345      6.3201454E-29
    0.701288      1.0323882E-28
    0.708301      1.6531396E-28
    0.715384      5.4570495E-28
    0.722538      4.4575706E-28
    0.729764      4.6887119E-28
    0.737061      3.1416072E-28
    0.744432      2.0324149E-28
    0.751876      1.2867907E-28
    0.759395      8.9735019E-29
    0.766989      8.2147033E-25
    0.774659      6.2234395E-29
    0.782405      9.1807489E-29
    0.790229      8.5532626E-29
    0.798132      1.3884981E-28
    0.806113      8.8758601E-28
    0.814174      5.9300795E-28
    0.822316      6.6898732E-28
    0.830539      6.3969079E-28
    0.838844      4.9707948E-28
    0.847233      3.3296464E-28
    0.855705      1.8468748E-28
    0.864262      1.3139933E-28
    0.872905      1.0555095E-28
    0.881634      2.6134028E-28
    0.890450      1.4673410E-27
    0.899355      6.2248668E-28
    0.908348      1.3767683E-27
    0.917432      2.3510135E-27
    0.926606      1.1269940E-26
    0.935872      5.8911680E-27
    0.945231      2.1015694E-26
    0.954683      9.2917296E-27
    0.964230      6.6368576E-27
    0.973872      5.1327234E-27
    0.983611      3.1499937E-27
    0.993447      2.0445603E-27
    1.003382      1.2849119E-27
    1.013416      8.0719335E-28
    1.023550      5.4874089E-28
    1.033785      3.5869120E-28
    1.044123      3.0327711E-28
    1.054564      3.0327701E-28
    1.065110      3.5476873E-28
    1.075761      4.3429962E-28
    1.086519      2.3635156E-27
    1.097384      9.2025097E-27
    1.108358      2.0801386E-26
    1.119441      1.4909408E-26
    1.130636      2.1293187E-26
    1.141942      1.3628442E-26
    1.153361      1.5186319E-26
    1.164895      1.7559813E-26
    1.176544      1.0295213E-26
    1.188309      6.2871827E-27
    1.200192      3.9426396E-27
    1.212194      2.4484324E-27
    1.224316      1.7535907E-27
    1.236560      1.2498753E-27
    1.248925      1.0350739E-27
    1.261414      1.4164734E-27
    1.274028      2.0768312E-27
    1.286769      3.3652143E-27
    1.299636      4.3069686E-27
    1.312633      6.3861901E-27
    1.325759      3.2966094E-25
    1.339017      3.6817096E-25
    1.352407      2.6644679E-25
    1.365931      1.4222306E-25
    1.379590      2.4031770E-25
    1.393386      2.3532839E-25
    1.407320      2.9085146E-25
    1.421393      2.3200434E-25
    1.435607      1.7811575E-25
    1.449963      1.3418267E-25
    1.464463      9.1205541E-26
    1.479108      6.3521085E-26
    1.493899      4.8326893E-26
    1.508838      3.6402393E-26
    1.523926      2.4332332E-26
    1.539165      1.5630557E-26
    1.554557      1.1381678E-26
    1.570102      7.3039297E-27
    1.585803      5.0437687E-27
    1.601662      3.7262456E-27
    1.617678      3.1456389E-27
    1.633855      2.7211046E-27
    1.650193      3.0835296E-27
    1.666695      2.7635783E-27
    1.683362      4.3538395E-27
    1.700196      7.7952139E-27
    1.717198      2.0641553E-26
    1.734370      4.5079406E-26
    1.751714      1.0181942E-25
    1.769231      1.8717864E-25
    1.786923      2.8246360E-25
    1.804792      3.9576318E-25
    1.822840      3.7878512E-25
    1.841069      4.4789117E-25
    1.859479      4.7398018E-25
    1.878074      2.1283226E-25
    1.896855      2.2877519E-25
    1.915823      2.9280733E-25
    1.934982      3.5493856E-25
    1.954331      3.6417684E-25
    1.973875      2.3403822E-25
    1.993613      1.5985620E-25
    2.013550      9.7592613E-26
    2.033685      6.7737012E-26
    2.054022      3.6446353E-26
    2.074562      2.1329026E-26
    2.095308      1.3268341E-26
    2.116261      8.6363899E-27
    2.137423      6.6248699E-27
    2.158798      6.1143233E-27
    2.180386      6.2651192E-27
    2.202190      7.7449104E-27
    2.224211      9.9388691E-27
    2.246454      1.0888041E-26
    2.268918      1.4413704E-26
    2.291607      7.9106714E-26
    2.314523      1.3440440E-25
    2.337669      7.8261512E-26
    2.361045      1.3368828E-25
    2.384656      1.3320137E-25
    2.408502      2.0008301E-25
    2.432587      3.6993008E-25
    2.456913      8.9889847E-25
    2.481482      1.4674645E-24
    2.506297      2.4341287E-24
    2.531360      2.5659234E-24
    2.556674      2.8704098E-24
    2.582240      2.3204710E-24
    2.608063      1.2692762E-24
    2.634143      9.0223618E-25
    2.660485      4.1775279E-24
    2.687090      2.9853627E-24
    2.713961      3.0900592E-24
    2.741100      3.4804627E-24
    2.768511      2.6210402E-24
    2.796196      2.7352027E-24
    2.824158      2.9911588E-24
    2.852400      2.4569205E-24
    2.880924      1.8806635E-24
    2.909733      1.8898131E-24
    2.938830      1.3583769E-24
    2.968219      1.0086628E-24
    2.997901      6.7701453E-25
    3.027880      6.9965439E-25
    3.058159      4.2086262E-25
    3.088740      3.7406974E-25
    3.119628      3.2578719E-25
    3.150824      2.2521478E-25
    3.182332      2.4098288E-25
    3.214156      1.5173500E-25
    3.246297      1.3376500E-25
    3.278760      1.3547949E-25
    3.311548      1.0997208E-25
    3.344663      1.1361856E-25
    3.378110      1.0561636E-25
    3.411891      8.5449392E-26
    3.446010      7.2842690E-26
    3.480470      5.9773751E-26
    3.515275      5.0035460E-26
    3.550427      3.7968517E-26
    3.585932      2.9095487E-26
    3.621791      2.0728741E-26
    3.658009      1.6584896E-26
    3.694589      1.2480413E-26
    3.731535      1.1259065E-26
    3.768850      8.6968651E-27
    3.806539      9.1826611E-27
    3.844604      1.5528185E-26
    3.883050      7.0399029E-27
    3.921881      2.8430880E-26
    3.961099      1.0392450E-26
    4.000710      1.5879220E-26
    4.040718      2.9813167E-26
    4.081125      4.0770553E-26
    4.121936      5.4061769E-26
    4.163155      8.4490565E-26
    4.204787      1.3650107E-25
    4.246835      1.4525312E-25
    4.289303      1.7311311E-25
    4.332196      2.6807801E-25
    4.375518      9.5732457E-25
    4.419273      1.1756995E-24
    4.463466      4.2975647E-24
    4.508101      5.2080600E-24
    4.553182      6.9099201E-24
    4.598714      6.4792640E-24
    4.644701      3.2244743E-24
    4.691148      4.0859422E-24
    4.738059      4.4892013E-24
    4.785440      3.8972250E-24
    4.833294      3.9952631E-24
    4.881627      4.0459938E-24
    4.930443      3.6256722E-24
    4.979748      2.9399286E-24
    5.029545      2.1369423E-24
    5.079841      1.6208942E-24
    5.130639      1.4944804E-24
    5.181946      1.6167376E-24
    5.233765      1.9077289E-24
    5.286103      1.5211194E-24
    5.338964      1.9889402E-24
    5.392353      2.5415741E-24
    5.446277      1.6860973E-24
    5.500740      3.1651235E-24
    5.555747      2.9105986E-24
    5.611304      3.4619445E-24
    5.667418      4.6952141E-24
    5.724092      3.8204226E-24
    5.781333      3.3520107E-24
    5.839146      3.2217962E-24
    5.897537      2.3197252E-24
    5.956513      1.1300652E-24
    6.016078      2.4979231E-24
    6.076239      1.2100525E-24
    6.137001      1.0262919E-24
    6.198371      6.1358924E-25
    6.260355      4.7302691E-25
    6.322958      7.6504371E-25
    6.386188      2.4967685E-24
    6.450050      4.7377844E-24
    6.514550      5.1672408E-24
    6.579696      1.2144189E-23
    6.645493      4.5949767E-24
    6.711948      3.5694150E-24
    6.779067      5.8332878E-24
    6.846858      3.1349864E-24
    6.915326      3.3409825E-24
    6.984480      5.1719080E-24
    7.054324      3.1478801E-24
    7.124868      3.0141742E-24
    7.196116      3.5532078E-24
    7.268078      4.4606070E-24
    7.340758      2.1050177E-24
    7.414166      4.5500322E-24
    7.488308      2.7300132E-24
    7.563191      3.6652472E-24
    7.638823      2.2598924E-24
    7.715211      1.9458039E-24
    7.792363      2.6184731E-24
    7.870286      1.9471320E-24
    7.948989      1.9303015E-24
    8.028479      1.8447099E-24
    8.108764      2.2001968E-24
    8.189852      1.1722962E-24
    8.271750      1.6333527E-24
    8.354468      8.0094071E-25
    8.438012      9.9146881E-25
    8.522393      5.4356679E-25
    8.607616      5.3576975E-25
    8.693693      5.1874854E-25
    8.780630      3.7429012E-25
    8.868436      4.0036321E-25
    8.957120      3.8013829E-25
    9.046691      2.6149785E-25
    9.137158      1.9937090E-25
    9.228530      2.1566227E-25
    9.320815      4.7219844E-25
    9.414023      2.6882225E-25
    9.508164      2.3435229E-25
    9.603245      1.7306010E-25
    9.699278      1.4381782E-25
    9.796270      7.0454205E-25
    9.894233      1.2925731E-25
    9.993175      2.4243867E-25
   10.093107      1.2729572E-25
   10.194038      1.7328068E-25
   10.295979      3.6378910E-25
   10.398938      2.2871376E-25
   10.502928      2.5591482E-25
   10.607957      5.4214501E-25
   10.714037      1.3506761E-25
   10.821177      8.2112730E-25
   10.929389      6.0991151E-25
   11.038683      1.9822781E-25
   11.149070      3.5095639E-25
   11.260560      1.7257052E-25
   11.373166      3.8383454E-25
   11.486898      6.3229221E-25
   11.601766      4.3333895E-25
   11.717784      9.5779723E-25
   11.834962      3.8946232E-25
   11.953312      3.9555798E-25
   12.072845      4.2308651E-25
   12.193573      7.5046754E-25
   12.315509      9.9847788E-25
   12.438664      1.1615607E-24
   12.563051      8.6730221E-25
   12.688681      1.1418615E-24
   12.815568      6.4633352E-25
   12.943724      1.5930984E-24
   13.073161      1.1288126E-24
   13.203892      1.8183802E-24
   13.335931      1.5210761E-24
   13.469291      1.3614683E-24
   13.603984      2.1705127E-24
   13.740023      2.1945061E-24
   13.877424      2.1102430E-24
   14.016198      1.3179315E-24
   14.156360      2.0809721E-24
   14.297924      2.0161793E-24
   14.440903      2.8193373E-24
   14.585312      3.7295118E-24
   14.731165      3.1772106E-24
   14.878477      2.2012512E-24
   15.027261      4.3555324E-24
   15.177534      1.8669092E-24
   15.329309      4.4207157E-24
   15.482602      4.8224831E-24
   15.637428      4.0131381E-24
   15.793803      1.4230022E-24
   15.951741      6.4408108E-24
   16.111258      5.7137126E-24
   16.272371      3.1895830E-24
   16.435094      3.2640749E-24
   16.599445      5.2683396E-24
   16.765440      3.7563765E-24
   16.933094      2.2243406E-24
   17.102425      5.0763194E-24
   17.273449      9.2885524E-24
   17.446184      2.8316539E-24
   17.620646      6.2404930E-24
   17.796852      6.7222508E-24
   17.974821      7.7453673E-24
   18.154569      1.6674542E-24
   18.336115      1.2788440E-23
   18.519476      1.2608401E-23
   18.704670      1.2665926E-24
   18.891717      8.3296971E-24
   19.080634      6.4532750E-24
   19.271441      1.8087235E-23
   19.464155      6.0798530E-24
   19.658797      5.4695791E-24
   19.855385      1.6686835E-24
   20.053938      1.0625070E-23
   20.254478      6.8818552E-24
   20.457023      4.8485539E-24
   20.661593      5.7365587E-24
   20.868209      1.4120226E-23
   21.076891      6.4055161E-24
   21.287660      8.9197163E-25
   21.500536      8.8112566E-24
   21.715542      1.0633407E-23
   21.932697      5.9024756E-24
   22.152024      9.7162566E-24
   22.373544      8.7135849E-24
   22.597280      2.3993076E-24
   22.823253      7.2782915E-24
   23.051485      3.0253500E-24
   23.282000      2.5462154E-23
   23.514820      1.0631419E-23
   23.749968      7.1648623E-24
   23.987468      2.0504544E-24
   24.227343      7.5208226E-24
   24.469616      5.6950758E-24
   24.714312      8.7445683E-24
   24.961455      8.0972757E-24
   25.211070      1.1922203E-23
   25.463180      1.1123130E-23
   25.717812      1.0922323E-23
   25.974990      3.0840336E-24
   26.234740      4.3116448E-24
   26.497088      2.6037958E-23
   26.762059      5.2236065E-24
   27.029679      5.7886745E-24
   27.299976      2.2436339E-24
   27.572976      3.9246868E-24
   27.848705      1.3710278E-23
   28.127193      2.6174640E-23
   28.408464      1.8404927E-23
   28.692549      2.9569175E-24
   28.979475      2.4952968E-24
   29.269269      1.7637432E-23
   29.561962      4.5253960E-24
   29.857582      5.4687498E-24
