# Pressure:     3.000E-01 Ba
# Temperature:    340.000 K
#  lambda [mu]   kappa [cm^2/mol]
    0.500000      4.2867584E-29
    0.505000      3.7337103E-29
    0.510050      6.8742044E-30
    0.515150      4.1942103E-31
    0.520302      2.3535851E-30
    0.525505      2.9206189E-30
    0.530760      8.3360357E-31
    0.536068      9.3072686E-30
    0.541428      2.2283884E-29
    0.546843      7.6785273E-30
    0.552311      6.5429920E-31
    0.557834      1.3308822E-30
    0.563413      1.4219804E-29
    0.569047      3.0474091E-29
    0.574737      1.8816649E-29
    0.580484      1.3404880E-29
    0.586289      3.1713100E-28
    0.592152      2.4062345E-28
    0.598074      4.5870136E-29
    0.604054      2.8662066E-30
    0.610095      2.2514127E-31
    0.616196      2.0019789E-31
    0.622358      2.3839484E-29
    0.628582      2.5414652E-29
    0.634867      2.1039136E-29
    0.641216      1.0031190E-28
    0.647628      1.6593430E-28
    0.654104      1.0447587E-28
    0.660645      1.5276096E-29
    0.667252      1.2118046E-30
    0.673924      1.8785526E-30
    0.680664      1.2429032E-29
    0.687470      3.1217409E-28
    0.694345      3.5034417E-28
    0.701288      2.8080254E-28
    0.708301      1.9367598E-28
    0.715384      2.9248302E-27
    0.722538      2.3607118E-27
    0.729764      6.4978821E-28
    0.737061      1.3640090E-28
    0.744432      1.4150115E-29
    0.751876      2.7183434E-30
    0.759395      7.0673431E-31
    0.766989      6.8755154E-31
    0.774659      5.1668241E-30
    0.782405      2.0934606E-28
    0.790229      1.8922178E-28
    0.798132      2.5457504E-28
    0.806113      1.2165308E-27
    0.814174      1.9933315E-27
    0.822316      1.9243161E-27
    0.830539      9.2444579E-28
    0.838844      3.8556345E-28
    0.847233      3.6931978E-28
    0.855705      3.6121437E-28
    0.864262      5.2298852E-28
    0.872905      8.6660308E-28
    0.881634      1.6652722E-27
    0.890450      1.6193490E-26
    0.899355      1.0200056E-26
    0.908348      6.2561810E-27
    0.917432      2.4522326E-27
    0.926606      5.4699701E-26
    0.935872      3.1501708E-26
    0.945231      3.4385195E-26
    0.954683      1.9496086E-26
    0.964230      5.2572169E-27
    0.973872      5.1730503E-27
    0.983611      4.4348710E-27
    0.993447      4.5158203E-27
    1.003382      4.5764622E-27
    1.013416      9.8012297E-27
    1.023550      1.2319683E-26
    1.033785      8.4309192E-27
    1.044123      3.3416729E-27
    1.054564      9.1009313E-28
    1.065110      1.2979562E-27
    1.075761      1.4228255E-27
    1.086519      1.8989095E-27
    1.097384      3.7620502E-27
    1.108358      3.4159700E-26
    1.119441      9.4597761E-26
    1.130636      9.0222630E-26
    1.141942      6.0711380E-26
    1.153361      7.3688076E-26
    1.164895      7.5432215E-26
    1.176544      3.6642449E-26
    1.188309      1.8552825E-26
    1.200192      1.7784469E-26
    1.212194      1.9017454E-26
    1.224316      9.6638044E-27
    1.236560      2.7968436E-27
    1.248925      3.4140386E-27
    1.261414      1.8355639E-27
    1.274028      4.4628350E-27
    1.286769      1.1746983E-26
    1.299636      1.7622254E-26
    1.312633      2.4863547E-26
    1.325759      4.6613381E-26
    1.339017      2.2618863E-25
    1.352407      1.3534607E-24
    1.365931      7.2730081E-25
    1.379590      1.0862333E-24
    1.393386      8.4485472E-25
    1.407320      4.4441420E-25
    1.421393      2.0684530E-25
    1.435607      1.5815395E-25
    1.449963      5.6203598E-26
    1.464463      1.1982691E-25
    1.479108      1.5087776E-25
    1.493899      1.7295704E-25
    1.508838      1.9747360E-25
    1.523926      1.0053558E-25
    1.539165      6.0095799E-26
    1.554557      1.7930313E-26
    1.570102      6.1339734E-27
    1.585803      3.7579705E-27
    1.601662      5.3395646E-27
    1.617678      4.5317063E-26
    1.633855      1.8759062E-25
    1.650193      9.5768040E-26
    1.666695      9.8207254E-26
    1.683362      1.2451759E-25
    1.700196      1.3967605E-25
    1.717198      1.1348254E-25
    1.734370      8.2780142E-26
    1.751714      5.7358894E-26
    1.769231      9.8555983E-26
    1.786923      2.4116062E-25
    1.804792      8.4528589E-25
    1.822840      1.7111349E-24
    1.841069      1.6560611E-24
    1.859479      2.4286248E-24
    1.878074      5.1404709E-25
    1.896855      1.3338637E-24
    1.915823      7.1082188E-25
    1.934982      4.9787520E-25
    1.954331      4.0614470E-25
    1.973875      3.5271338E-25
    1.993613      3.1752298E-25
    2.013550      1.9529574E-25
    2.033685      5.1679862E-26
    2.054022      1.7261359E-26
    2.074562      6.7293006E-27
    2.095308      2.7753755E-27
    2.116261      9.3486552E-27
    2.137423      3.6442987E-26
    2.158798      9.8393272E-26
    2.180386      2.1714935E-25
    2.202190      5.0021210E-25
    2.224211      8.4967975E-25
    2.246454      1.3550568E-24
    2.268918      1.3583558E-24
    2.291607      1.2942471E-24
    2.314523      1.2307243E-24
    2.337669      1.6105019E-24
    2.361045      1.8019294E-24
    2.384656      7.9210578E-25
    2.408502      3.9894065E-25
    2.432587      2.3197859E-25
    2.456913      1.5648128E-25
    2.481482      3.4804335E-25
    2.506297      1.6238966E-24
    2.531360      3.9902307E-24
    2.556674      1.3507061E-23
    2.582240      2.1600870E-23
    2.608063      1.2244794E-23
    2.634143      5.8354485E-24
    2.660485      1.4446422E-23
    2.687090      7.9572078E-24
    2.713961      1.0409212E-23
    2.741100      1.4125286E-23
    2.768511      5.6341765E-24
    2.796196      2.7271587E-24
    2.824158      2.1331610E-24
    2.852400      1.1909708E-24
    2.880924      1.1682062E-24
    2.909733      8.0401017E-25
    2.938830      7.3138236E-25
    2.968219      4.8537708E-25
    2.997901      5.4726220E-25
    3.027880      4.7037153E-25
    3.058159      3.7536798E-25
    3.088740      5.1800345E-25
    3.119628      8.4637438E-25
    3.150824      3.2216173E-24
    3.182332      1.7646848E-23
    3.214156      1.3885608E-23
    3.246297      1.1397736E-23
    3.278760      4.2101745E-24
    3.311548      8.7745571E-24
    3.344663      9.2725182E-24
    3.378110      1.2448129E-23
    3.411891      7.7326168E-24
    3.446010      3.2754778E-24
    3.480470      1.0699737E-24
    3.515275      1.2233196E-24
    3.550427      6.3494274E-25
    3.585932      4.5246075E-25
    3.621791      3.7112053E-25
    3.658009      2.4616421E-25
    3.694589      3.4768853E-25
    3.731535      1.6703066E-25
    3.768850      1.5418979E-25
    3.806539      8.0894495E-26
    3.844604      1.4872944E-25
    3.883050      9.4501505E-26
    3.921881      8.2544742E-26
    3.961099      7.5897455E-26
    4.000710      6.8507130E-26
    4.040718      5.6729131E-26
    4.081125      2.8417726E-26
    4.121936      1.8384909E-26
    4.163155      1.5350466E-26
    4.204787      2.7858345E-26
    4.246835      1.2539970E-26
    4.289303      8.3504350E-27
    4.332196      9.4792788E-27
    4.375518      8.0887309E-27
    4.419273      9.4622248E-27
    4.463466      6.2268594E-27
    4.508101      1.5224032E-26
    4.553182      1.0092770E-26
    4.598714      1.9311681E-26
    4.644701      5.3782956E-26
    4.691148      4.3330923E-26
    4.738059      1.2875175E-26
    4.785440      2.7502036E-26
    4.833294      2.0130649E-26
    4.881627      1.4812962E-25
    4.930443      3.7982908E-25
    4.979748      7.1700019E-25
    5.029545      1.8166875E-26
    5.079841      1.5296437E-25
    5.130639      8.5758446E-25
    5.181946      2.4767237E-24
    5.233765      5.4800752E-25
    5.286103      2.6013588E-25
    5.338964      7.0359574E-25
    5.392353      6.4376963E-24
    5.446277      3.2483325E-24
    5.500740      4.3361893E-24
    5.555747      8.0644005E-24
    5.611304      1.2556945E-23
    5.667418      1.4459690E-23
    5.724092      2.3304551E-23
    5.781333      1.8987552E-23
    5.839146      3.6886360E-23
    5.897537      2.3440195E-23
    5.956513      1.2655070E-23
    6.016078      3.9406698E-23
    6.076239      1.4309251E-23
    6.137001      1.5952620E-23
    6.198371      2.1675838E-24
    6.260355      1.1167736E-24
    6.322958      7.9191220E-24
    6.386188      3.0788375E-23
    6.450050      3.6383578E-23
    6.514550      2.8736105E-23
    6.579696      3.4726505E-23
    6.645493      1.5614613E-23
    6.711948      6.1357974E-24
    6.779067      6.3713807E-24
    6.846858      4.5138790E-24
    6.915326      1.1702265E-23
    6.984480      1.4332977E-23
    7.054324      2.4780215E-24
    7.124868      5.8412975E-24
    7.196116      4.1531145E-24
    7.268078      1.1554315E-23
    7.340758      1.6815783E-23
    7.414166      2.4060532E-23
    7.488308      1.0669205E-23
    7.563191      4.3466467E-24
    7.638823      7.0839789E-23
    7.715211      1.0553614E-23
    7.792363      6.7192015E-24
    7.870286      1.1978205E-23
    7.948989      8.3352646E-24
    8.028479      5.8170653E-24
    8.108764      3.2458505E-24
    8.189852      2.3639980E-24
    8.271750      8.4824399E-25
    8.354468      7.7915076E-25
    8.438012      2.1796425E-24
    8.522393      3.0833485E-25
    8.607616      1.4135118E-24
    8.693693      3.8722087E-24
    8.780630      1.2473136E-24
    8.868436      7.8855177E-24
    8.957120      1.6113123E-24
    9.046691      2.9994500E-24
    9.137158      9.3339184E-24
    9.228530      6.9796119E-24
    9.320815      6.5727857E-24
    9.414023      6.4595987E-24
    9.508164      8.3994972E-24
    9.603245      1.1658714E-23
    9.699278      3.0778876E-24
    9.796270      6.4569712E-24
    9.894233      4.1554872E-25
    9.993175      8.6037049E-24
   10.093107      3.6385376E-26
   10.194038      5.3275303E-26
   10.295979      4.6971295E-23
   10.398938      6.8508869E-24
   10.502928      5.5823040E-24
   10.607957      1.6038700E-24
   10.714037      5.9303073E-23
   10.821177      7.9727550E-24
   10.929389      1.1670627E-24
   11.038683      3.7130781E-25
   11.149070      4.3539194E-24
   11.260560      4.2287607E-25
   11.373166      1.2455160E-25
   11.486898      8.2850259E-24
   11.601766      1.1004407E-25
   11.717784      6.5866251E-24
   11.834962      2.8401088E-25
   11.953312      5.2512117E-24
   12.072845      5.2838904E-24
   12.193573      5.3521521E-24
   12.315509      3.4909391E-24
   12.438664      8.4780794E-25
   12.563051      1.1190129E-24
   12.688681      1.9243718E-24
   12.815568      1.8976394E-24
   12.943724      1.3712150E-24
   13.073161      1.0985782E-24
   13.203892      8.5718518E-25
   13.335931      1.4159960E-24
   13.469291      5.3405294E-25
   13.603984      4.0947112E-25
   13.740023      6.5531878E-25
   13.877424      2.2424209E-25
   14.016198      6.7268185E-25
   14.156360      2.7861880E-25
   14.297924      2.3557328E-25
   14.440903      6.1603781E-25
   14.585312      1.0864406E-25
   14.731165      9.3418468E-26
   14.878477      2.3675789E-25
   15.027261      2.9973041E-25
   15.177534      9.0645989E-26
   15.329309      2.9527276E-25
   15.482602      4.7188204E-25
   15.637428      1.0802597E-24
   15.793803      2.1744786E-24
   15.951741      1.1776636E-24
   16.111258      5.9320239E-25
   16.272371      1.9936987E-25
   16.435094      1.8916074E-25
   16.599445      4.8512093E-25
   16.765440      1.3190646E-24
   16.933094      5.5456936E-25
   17.102425      1.0343558E-24
   17.273449      1.3798393E-24
   17.446184      1.0297835E-24
   17.620646      1.2654893E-25
   17.796852      1.8452071E-25
   17.974821      5.6907107E-25
   18.154569      1.2572160E-24
   18.336115      2.1279604E-25
   18.519476      5.4215828E-25
   18.704670      1.8013979E-25
   18.891717      3.3655851E-24
   19.080634      2.3279059E-24
   19.271441      1.0949315E-24
   19.464155      1.0262912E-24
   19.658797      5.9580951E-25
   19.855385      5.3028595E-25
   20.053938      4.8637085E-25
   20.254478      3.6471488E-25
   20.457023      3.0466482E-24
   20.661593      5.5138180E-25
   20.868209      1.6568682E-24
   21.076891      2.5794704E-24
   21.287660      1.9483032E-25
   21.500536      3.6538553E-24
   21.715542      1.4314982E-23
   21.932697      3.8023195E-24
   22.152024      4.9808114E-24
   22.373544      8.1627005E-24
   22.597280      1.3400944E-25
   22.823253      1.6644990E-24
   23.051485      9.2703443E-25
   23.282000      5.1498158E-24
   23.514820      1.2480250E-23
   23.749968      2.3239478E-23
   23.987468      1.6208151E-25
   24.227343      1.3599250E-25
   24.469616      2.5913009E-25
   24.714312      8.8214326E-24
   24.961455      3.5445413E-23
   25.211070      3.4756093E-23
   25.463180      2.2732954E-25
   25.717812      8.7989963E-24
   25.974990      4.6682953E-25
   26.234740      1.4508699E-24
   26.497088      7.5440163E-23
   26.762059      1.1023959E-23
   27.029679      1.8858669E-25
   27.299976      4.5493472E-25
   27.572976      1.4829564E-23
   27.848705      5.0140087E-24
   28.127193      1.0304779E-22
   28.408464      1.1820634E-22
   28.692549      1.2013102E-24
   28.979475      2.5746280E-24
   29.269269      1.0121120E-24
   29.561962      3.4631518E-23
   29.857582      7.9801666E-25
