# Pressure:     1.000E+02 Ba
# Temperature:    130.000 K
#  lambda [mu]   kappa [cm^2/mol]
    0.500000      1.3657654E-31
    0.505000      1.3108217E-31
    0.510050      1.2581203E-31
    0.515150      1.2075680E-31
    0.520302      1.1590751E-31
    0.525505      1.2251081E-31
    0.530760      1.0679294E-31
    0.536068      1.0251162E-31
    0.541428      9.8404151E-32
    0.546843      9.4463340E-32
    0.552311      9.0682304E-32
    0.557834      8.7054449E-32
    0.563413      8.3573460E-32
    0.569047      8.0233291E-32
    0.574737      7.7028147E-32
    0.580484      7.3952481E-32
    0.586289      7.1000976E-32
    0.592152      6.8168541E-32
    0.598074      6.5450297E-32
    0.604054      6.2841570E-32
    0.610095      6.0337880E-32
    0.616196      5.7934937E-32
    0.622358      5.5628627E-32
    0.628582      5.3944367E-32
    0.634867      1.5832527E-31
    0.641216      9.6703444E-32
    0.647628      4.7293315E-32
    0.654104      6.7646974E-32
    0.660645      4.3610454E-32
    0.667252      4.1878933E-32
    0.673924      4.0216735E-32
    0.680664      3.8621050E-32
    0.687470      3.7089187E-32
    0.694345      3.5618562E-32
    0.701288      3.4206699E-32
    0.708301      3.2851223E-32
    0.715384      3.1549858E-32
    0.722538      3.0300420E-32
    0.729764      5.5617410E-32
    0.737061      2.7949036E-32
    0.744432      2.6843155E-32
    0.751876      2.5781325E-32
    0.759395      2.4761774E-32
    0.766989      2.3782803E-32
    0.774659      2.2842782E-32
    0.782405      2.1940145E-32
    0.790229      4.0028321E-32
    0.798132      2.1456108E-31
    0.806113      5.8828000E-31
    0.814174      3.7510159E-31
    0.822316      3.0382696E-30
    0.830539      8.3514214E-29
    0.838844      2.9392334E-28
    0.847233      2.5061144E-28
    0.855705      3.3713621E-28
    0.864262      4.3181601E-28
    0.872905      7.9305160E-28
    0.881634      1.1409909E-27
    0.890450      1.5572689E-26
    0.899355      6.5136928E-27
    0.908348      2.1419310E-28
    0.917432      1.9711782E-28
    0.926606      5.3666705E-28
    0.935872      2.2205269E-28
    0.945231      9.1680669E-29
    0.954683      1.5436197E-28
    0.964230      6.1903309E-28
    0.973872      1.0583682E-27
    0.983611      4.5200250E-27
    0.993447      4.3720158E-27
    1.003382      3.6605155E-27
    1.013416      7.5164367E-27
    1.023550      1.7211177E-26
    1.033785      7.0769504E-27
    1.044123      9.9756901E-28
    1.054564      5.4453487E-28
    1.065110      8.2837069E-28
    1.075761      1.2451923E-27
    1.086519      6.5640175E-28
    1.097384      6.6431081E-28
    1.108358      9.4656651E-28
    1.119441      1.1348307E-26
    1.130636      1.3048888E-26
    1.141942      3.5036191E-27
    1.153361      3.0465940E-26
    1.164895      8.6274724E-26
    1.176544      2.2763410E-26
    1.188309      8.8900404E-27
    1.200192      1.8009285E-26
    1.212194      2.1214509E-26
    1.224316      7.2767365E-27
    1.236560      6.8704982E-28
    1.248925      1.7089026E-27
    1.261414      2.9638308E-27
    1.274028      1.8120761E-27
    1.286769      1.1417224E-26
    1.299636      1.5705399E-26
    1.312633      1.8698871E-26
    1.325759      2.4888069E-26
    1.339017      1.7234045E-26
    1.352407      4.4069381E-26
    1.365931      2.9716353E-26
    1.379590      4.1200229E-26
    1.393386      6.5546888E-26
    1.407320      3.0644477E-26
    1.421393      9.2363636E-27
    1.435607      1.4840628E-26
    1.449963      2.0358179E-26
    1.464463      2.9352529E-26
    1.479108      9.0721159E-26
    1.493899      2.4399403E-25
    1.508838      2.2283259E-25
    1.523926      8.8955787E-26
    1.539165      1.6744617E-26
    1.554557      5.7688885E-27
    1.570102      4.1337270E-27
    1.585803      1.3846043E-27
    1.601662      7.2401159E-28
    1.617678      6.8528828E-27
    1.633855      1.1753116E-25
    1.650193      2.2882075E-25
    1.666695      1.2680497E-25
    1.683362      6.6483967E-26
    1.700196      1.8497884E-25
    1.717198      1.5541845E-25
    1.734370      3.8562176E-26
    1.751714      2.0348909E-26
    1.769231      8.9456843E-26
    1.786923      8.8139160E-26
    1.804792      2.7750528E-26
    1.822840      8.5713341E-27
    1.841069      9.3015182E-27
    1.859479      2.9636884E-27
    1.878074      1.4800500E-27
    1.896855      3.8966727E-27
    1.915823      2.2725013E-26
    1.934982      1.7011842E-25
    1.954331      6.3422023E-25
    1.973875      5.1475281E-25
    1.993613      2.9412701E-25
    2.013550      5.1081740E-26
    2.033685      1.4023485E-26
    2.054022      3.7891065E-27
    2.074562      8.5861749E-28
    2.095308      2.3461688E-28
    2.116261      8.1648545E-28
    2.137423      8.9499322E-27
    2.158798      1.0310561E-25
    2.180386      1.3552523E-25
    2.202190      3.7989272E-25
    2.224211      8.0407558E-25
    2.246454      1.0251793E-24
    2.268918      1.7596906E-24
    2.291607      1.8629718E-24
    2.314523      1.1697491E-24
    2.337669      1.3953955E-24
    2.361045      1.9108212E-24
    2.384656      3.8099455E-25
    2.408502      1.2721496E-25
    2.432587      5.0014649E-26
    2.456913      2.2277433E-26
    2.481482      2.2831998E-26
    2.506297      3.4062257E-26
    2.531360      2.7433568E-26
    2.556674      1.8204171E-25
    2.582240      1.1535435E-25
    2.608063      1.3947988E-26
    2.634143      1.5135104E-27
    2.660485      6.3258718E-28
    2.687090      2.0471156E-28
    2.713961      1.4469412E-28
    2.741100      2.8067928E-28
    2.768511      2.0421023E-27
    2.796196      2.6277028E-26
    2.824158      1.8157831E-25
    2.852400      4.0255146E-25
    2.880924      6.2260645E-25
    2.909733      8.3064245E-25
    2.938830      8.3186601E-25
    2.968219      6.1010065E-25
    2.997901      2.9946859E-25
    3.027880      3.7145370E-25
    3.058159      2.7211321E-25
    3.088740      2.6295810E-25
    3.119628      9.4524853E-26
    3.150824      1.4407120E-25
    3.182332      2.6553156E-24
    3.214156      1.9895589E-23
    3.246297      4.5287984E-23
    3.278760      2.5638046E-23
    3.311548      1.4533101E-23
    3.344663      1.9152084E-23
    3.378110      6.6958581E-24
    3.411891      1.5206301E-24
    3.446010      8.5646289E-25
    3.480470      8.1183185E-25
    3.515275      1.3843599E-24
    3.550427      6.7351892E-25
    3.585932      4.1754724E-25
    3.621791      2.5848147E-25
    3.658009      1.1650337E-25
    3.694589      1.6063827E-25
    3.731535      1.2703166E-25
    3.768850      1.2431416E-25
    3.806539      1.3946565E-25
    3.844604      1.0475403E-25
    3.883050      1.0441687E-25
    3.921881      6.2882542E-26
    3.961099      4.7302709E-26
    4.000710      3.5017724E-26
    4.040718      2.2003988E-26
    4.081125      1.8462167E-26
    4.121936      5.4375348E-27
    4.163155      5.9449340E-27
    4.204787      7.9059627E-27
    4.246835      5.5581579E-27
    4.289303      2.3335964E-27
    4.332196      3.3319018E-27
    4.375518      1.1972994E-27
    4.419273      6.4191336E-28
    4.463466      1.6991283E-28
    4.508101      5.9765088E-29
    4.553182      1.3639095E-29
    4.598714      3.4712310E-30
    4.644701      9.9959117E-31
    4.691148      7.0923035E-31
    4.738059      1.3542538E-30
    4.785440      5.2712424E-30
    4.833294      1.4302236E-29
    4.881627      2.8359717E-29
    4.930443      5.0908072E-29
    4.979748      3.6117550E-29
    5.029545      1.2897229E-29
    5.079841      6.3068263E-29
    5.130639      1.8241738E-28
    5.181946      7.9510648E-28
    5.233765      2.4142078E-28
    5.286103      8.2719234E-27
    5.338964      2.6801153E-27
    5.392353      3.3033333E-27
    5.446277      6.8775928E-27
    5.500740      1.9062407E-26
    5.555747      6.5415263E-26
    5.611304      1.2865691E-25
    5.667418      3.4114902E-25
    5.724092      1.0162890E-24
    5.781333      1.3540243E-24
    5.839146      1.7068542E-24
    5.897537      2.7450599E-24
    5.956513      1.9471296E-24
    6.016078      1.1181525E-24
    6.076239      2.8911934E-24
    6.137001      6.2280375E-24
    6.198371      1.1302337E-24
    6.260355      1.8662091E-24
    6.322958      2.1914742E-24
    6.386188      2.1458604E-24
    6.450050      1.5174144E-24
    6.514550      8.6754687E-25
    6.579696      4.1565631E-25
    6.645493      2.1466096E-25
    6.711948      1.3304252E-25
    6.779067      9.5264880E-26
    6.846858      5.6663861E-26
    6.915326      2.9258593E-26
    6.984480      1.8792618E-26
    7.054324      1.6650111E-26
    7.124868      2.2748287E-26
    7.196116      8.9858974E-26
    7.268078      7.5533074E-25
    7.340758      5.5189467E-24
    7.414166      2.1982134E-23
    7.488308      3.5079389E-23
    7.563191      1.8158049E-23
    7.638823      5.4363521E-23
    7.715211      1.9506876E-23
    7.792363      1.2921675E-23
    7.870286      7.6141223E-24
    7.948989      2.2608816E-24
    8.028479      6.4001789E-25
    8.108764      1.4836756E-25
    8.189852      4.0298038E-26
    8.271750      1.4521214E-26
    8.354468      9.5348116E-27
    8.438012      3.2739549E-26
    8.522393      2.7936846E-26
    8.607616      8.2286060E-26
    8.693693      2.9785529E-25
    8.780630      1.7968424E-25
    8.868436      1.1988306E-24
    8.957120      8.2084896E-25
    9.046691      1.4319324E-24
    9.137158      5.3269901E-24
    9.228530      3.0543794E-24
    9.320815      9.7691000E-24
    9.414023      5.7364066E-24
    9.508164      1.8917559E-23
    9.603245      1.3074632E-23
    9.699278      8.6017115E-24
    9.796270      1.3363050E-23
    9.894233      1.0964610E-23
    9.993175      1.9887276E-23
   10.093107      3.5329032E-24
   10.194038      4.1401038E-24
   10.295979      5.2240121E-23
   10.398938      6.2358411E-24
   10.502928      1.2639115E-23
   10.607957      5.6749991E-24
   10.714037      5.3171082E-23
   10.821177      4.6313637E-24
   10.929389      5.9116799E-24
   11.038683      2.4703301E-24
   11.149070      1.0791636E-23
   11.260560      3.6363514E-24
   11.373166      2.6584361E-24
   11.486898      5.1414815E-24
   11.601766      1.9000692E-24
   11.717784      5.5633603E-24
   11.834962      8.0507812E-25
   11.953312      2.8244028E-24
   12.072845      8.7517068E-25
   12.193573      1.3174146E-24
   12.315509      6.3372818E-25
   12.438664      2.2982833E-25
   12.563051      3.2325146E-25
   12.688681      1.5578048E-25
   12.815568      1.3094852E-25
   12.943724      8.7459793E-26
   13.073161      3.7832108E-26
   13.203892      2.8548332E-26
   13.335931      1.9867372E-26
   13.469291      1.0015021E-26
   13.603984      6.0508386E-27
   13.740023      6.1948469E-27
   13.877424      2.7064487E-27
   14.016198      3.7006215E-27
   14.156360      1.5898492E-27
   14.297924      2.1978619E-27
   14.440903      3.2890947E-27
   14.585312      5.0850342E-28
   14.731165      5.9075650E-28
   14.878477      9.2730175E-28
   15.027261      2.8381158E-28
   15.177534      4.4246045E-28
   15.329309      1.5649967E-27
   15.482602      1.0438355E-27
   15.637428      2.5499350E-27
   15.793803      1.0690005E-26
   15.951741      5.3618523E-27
   16.111258      1.8263205E-27
   16.272371      4.7391459E-28
   16.435094      2.9597219E-28
   16.599445      2.3549371E-28
   16.765440      9.0090897E-28
   16.933094      1.7260133E-27
   17.102425      2.8629615E-28
   17.273449      2.5448470E-28
   17.446184      1.1030892E-27
   17.620646      4.1283511E-28
   17.796852      5.4629996E-28
   17.974821      1.7595341E-27
   18.154569      8.7763884E-28
   18.336115      1.8057011E-28
   18.519476      4.4181027E-28
   18.704670      6.9421196E-28
   18.891717      2.2521691E-28
   19.080634      3.7871948E-28
   19.271441      2.9951476E-28
   19.464155      2.3787352E-28
   19.658797      1.5439953E-28
   19.855385      1.3354161E-28
   20.053938      8.1369749E-29
   20.254478      5.4762748E-29
   20.457023      9.9066017E-29
   20.661593      6.0180105E-29
   20.868209      2.1415996E-29
   21.076891      2.6135934E-29
   21.287660      2.4214710E-29
   21.500536      1.7272545E-29
   21.715542      5.6927204E-30
   21.932697      1.0094548E-29
   22.152024      7.2929034E-30
   22.373544      5.8077859E-30
   22.597280      8.2775946E-30
   22.823253      3.7741144E-30
   23.051485      3.3993593E-30
   23.282000      4.5173059E-30
   23.514820      5.9852512E-30
   23.749968      6.4224750E-30
   23.987468      5.3987421E-30
   24.227343      7.1096688E-30
   24.469616      5.9128970E-30
   24.714312      6.0255396E-30
   24.961455      8.4419531E-30
   25.211070      1.1140138E-29
   25.463180      6.5096206E-30
   25.717812      1.0056276E-29
   25.974990      8.7744228E-30
   26.234740      1.2001509E-29
   26.497088      1.7271548E-29
   26.762059      1.3397523E-29
   27.029679      9.0445784E-30
   27.299976      1.5750281E-29
   27.572976      2.6570058E-29
   27.848705      3.7318744E-29
   28.127193      3.3369269E-29
   28.408464      2.1584540E-29
   28.692549      1.9243996E-29
   28.979475      1.9419890E-29
   29.269269      1.8430538E-29
   29.561962      3.4859186E-29
   29.857582      5.7869668E-29
