# Pressure:     1.000E+00 Ba
# Temperature:    725.000 K
#  lambda [mu]   kappa [cm^2/mol]
    0.500000      3.6832657E-29
    0.505000      2.8585274E-29
    0.510050      1.7552813E-29
    0.515150      3.9474714E-30
    0.520302      2.6696528E-30
    0.525505      2.3536280E-30
    0.530760      1.4456427E-30
    0.536068      1.1221446E-29
    0.541428      1.6702649E-29
    0.546843      1.2308044E-29
    0.552311      4.1314013E-30
    0.557834      2.1832433E-30
    0.563413      1.9673565E-29
    0.569047      2.1953965E-29
    0.574737      2.4215417E-29
    0.580484      2.3668938E-29
    0.586289      2.1225085E-27
    0.592152      2.1778307E-28
    0.598074      1.1421451E-28
    0.604054      3.2295638E-29
    0.610095      7.2737176E-30
    0.616196      3.3347811E-30
    0.622358      3.2483802E-29
    0.628582      2.4224380E-29
    0.634867      3.2796146E-29
    0.641216      1.5279884E-28
    0.647628      1.3776252E-28
    0.654104      1.4464978E-28
    0.660645      6.2277790E-29
    0.667252      1.5623901E-29
    0.673924      9.4226725E-30
    0.680664      1.6372426E-29
    0.687470      4.4879043E-28
    0.694345      2.2544707E-28
    0.701288      3.2849228E-28
    0.708301      3.9699681E-28
    0.715384      2.0894584E-27
    0.722538      1.8694954E-27
    0.729764      1.2301675E-27
    0.737061      5.4267611E-28
    0.744432      1.7759854E-28
    0.751876      5.7438967E-29
    0.759395      2.2426835E-29
    0.766989      1.3311906E-29
    0.774659      3.7920665E-29
    0.782405      2.3941429E-28
    0.790229      1.9707486E-28
    0.798132      3.0863464E-28
    0.806113      2.3514509E-27
    0.814174      1.5413313E-27
    0.822316      1.7907379E-27
    0.830539      1.9329402E-27
    0.838844      1.1244354E-27
    0.847233      8.5264928E-28
    0.855705      6.8404423E-28
    0.864262      8.7227874E-28
    0.872905      1.1057200E-27
    0.881634      3.4577807E-27
    0.890450      1.1572226E-26
    0.899355      7.5050727E-27
    0.908348      7.1288050E-27
    0.917432      5.5316005E-27
    0.926606      4.7463097E-26
    0.935872      2.3469117E-26
    0.945231      6.1004121E-26
    0.954683      2.8611717E-26
    0.964230      1.3485343E-26
    0.973872      9.3926483E-27
    0.983611      5.6295730E-27
    0.993447      4.5882189E-27
    1.003382      4.4045242E-27
    1.013416      4.8618720E-27
    1.023550      4.0991590E-27
    1.033785      3.1192019E-27
    1.044123      1.9012134E-27
    1.054564      1.1989516E-27
    1.065110      1.2556864E-27
    1.075761      1.4902093E-27
    1.086519      3.2317312E-27
    1.097384      1.5169153E-26
    1.108358      6.5799629E-26
    1.119441      6.6348761E-26
    1.130636      8.2817252E-26
    1.141942      5.8019094E-26
    1.153361      8.0694970E-26
    1.164895      7.1725720E-26
    1.176544      3.4210745E-26
    1.188309      2.0596248E-26
    1.200192      1.1074894E-26
    1.212194      7.5636519E-27
    1.224316      4.8008678E-27
    1.236560      2.9548984E-27
    1.248925      2.2166655E-27
    1.261414      1.8230744E-27
    1.274028      4.6218933E-27
    1.286769      9.3695689E-27
    1.299636      1.4756734E-26
    1.312633      2.0909747E-26
    1.325759      1.8064212E-25
    1.339017      7.5934550E-25
    1.352407      1.1654316E-24
    1.365931      4.9014454E-25
    1.379590      1.0220745E-24
    1.393386      7.8719458E-25
    1.407320      7.4048264E-25
    1.421393      5.3206038E-25
    1.435607      3.3902129E-25
    1.449963      1.5327351E-25
    1.464463      1.4240810E-25
    1.479108      1.1819206E-25
    1.493899      7.6408573E-26
    1.508838      6.8299971E-26
    1.523926      4.1629536E-26
    1.539165      2.8178234E-26
    1.554557      1.6868774E-26
    1.570102      9.2752180E-27
    1.585803      8.2226835E-27
    1.601662      2.6235033E-26
    1.617678      1.0626367E-25
    1.633855      1.6095533E-25
    1.650193      8.0729179E-26
    1.666695      1.5466685E-25
    1.683362      1.2643946E-25
    1.700196      1.2117466E-25
    1.717198      9.9532625E-26
    1.734370      1.1749993E-25
    1.751714      1.7234285E-25
    1.769231      3.6367974E-25
    1.786923      7.3446126E-25
    1.804792      1.4118525E-24
    1.822840      1.4607462E-24
    1.841069      1.2240167E-24
    1.859479      1.8450864E-24
    1.878074      4.6071099E-25
    1.896855      1.0016592E-24
    1.915823      1.0535683E-24
    1.934982      8.4863976E-25
    1.954331      5.6449834E-25
    1.973875      2.8948976E-25
    1.993613      1.6583051E-25
    2.013550      1.1749149E-25
    2.033685      6.7797393E-26
    2.054022      3.2740205E-26
    2.074562      2.0475984E-26
    2.095308      2.1641034E-26
    2.116261      3.5826666E-26
    2.137423      6.7074275E-26
    2.158798      1.1769698E-25
    2.180386      2.6772103E-25
    2.202190      4.7229823E-25
    2.224211      6.8192480E-25
    2.246454      9.8775337E-25
    2.268918      9.8704669E-25
    2.291607      8.4431369E-25
    2.314523      1.2361999E-24
    2.337669      1.3393721E-24
    2.361045      1.5546262E-24
    2.384656      9.1585133E-25
    2.408502      7.5006966E-25
    2.432587      7.3222428E-25
    2.456913      1.2891895E-24
    2.481482      2.7735209E-24
    2.506297      6.3369476E-24
    2.531360      8.5200208E-24
    2.556674      1.2460363E-23
    2.582240      1.3054600E-23
    2.608063      5.8491642E-24
    2.634143      3.9388000E-24
    2.660485      1.7048115E-23
    2.687090      7.4710346E-24
    2.713961      8.9841370E-24
    2.741100      1.5400977E-23
    2.768511      9.4186731E-24
    2.796196      7.6252636E-24
    2.824158      7.9272266E-24
    2.852400      4.4694046E-24
    2.880924      3.1538885E-24
    2.909733      2.1520931E-24
    2.938830      1.3557677E-24
    2.968219      1.0146929E-24
    2.997901      8.6089348E-25
    3.027880      8.6805738E-25
    3.058159      1.1100834E-24
    3.088740      3.1866500E-24
    3.119628      6.8104592E-24
    3.150824      1.1048116E-23
    3.182332      2.1988169E-23
    3.214156      1.5119889E-23
    3.246297      9.1314852E-24
    3.278760      3.3741240E-24
    3.311548      3.6602567E-23
    3.344663      7.0686456E-24
    3.378110      1.0386879E-23
    3.411891      1.0928027E-23
    3.446010      8.3985466E-24
    3.480470      5.1828767E-24
    3.515275      3.7303144E-24
    3.550427      1.9627516E-24
    3.585932      1.1704000E-24
    3.621791      7.3774919E-25
    3.658009      4.8308470E-25
    3.694589      4.5995148E-25
    3.731535      3.1374177E-25
    3.768850      3.1820958E-25
    3.806539      1.9410925E-25
    3.844604      2.0900147E-25
    3.883050      1.5048222E-25
    3.921881      1.4908750E-25
    3.961099      1.1547048E-25
    4.000710      1.0516763E-25
    4.040718      1.0322818E-25
    4.081125      9.1443524E-26
    4.121936      1.0514001E-25
    4.163155      1.0909080E-25
    4.204787      1.1361664E-25
    4.246835      1.0638134E-25
    4.289303      2.3481181E-25
    4.332196      1.6898766E-25
    4.375518      1.7756854E-25
    4.419273      1.5829161E-25
    4.463466      1.4712608E-25
    4.508101      2.4522671E-25
    4.553182      1.8578007E-25
    4.598714      2.9954653E-25
    4.644701      4.3922518E-25
    4.691148      4.5100434E-25
    4.738059      1.9512944E-25
    4.785440      2.4154300E-25
    4.833294      2.1663438E-25
    4.881627      7.2694737E-25
    4.930443      1.2609164E-24
    4.979748      1.8193123E-24
    5.029545      5.3514423E-25
    5.079841      1.1011048E-24
    5.130639      2.5587060E-24
    5.181946      4.7081883E-24
    5.233765      2.8341465E-24
    5.286103      2.2301867E-24
    5.338964      3.9721138E-24
    5.392353      8.5234982E-24
    5.446277      5.2839319E-24
    5.500740      9.2692573E-24
    5.555747      1.0536520E-23
    5.611304      1.3027148E-23
    5.667418      1.5896459E-23
    5.724092      1.8967765E-23
    5.781333      1.6823845E-23
    5.839146      2.2001545E-23
    5.897537      1.7213913E-23
    5.956513      6.9245814E-24
    6.016078      2.0816089E-23
    6.076239      6.8076689E-24
    6.137001      6.4416725E-24
    6.198371      1.9661986E-24
    6.260355      1.4008059E-24
    6.322958      3.9461342E-24
    6.386188      2.2337548E-23
    6.450050      2.5170398E-23
    6.514550      2.6902413E-23
    6.579696      4.3008206E-23
    6.645493      1.8016305E-23
    6.711948      1.0151468E-23
    6.779067      1.0575124E-23
    6.846858      8.2995852E-24
    6.915326      1.5826707E-23
    6.984480      2.0726726E-23
    7.054324      8.3742035E-24
    7.124868      1.3997856E-23
    7.196116      1.4714342E-23
    7.268078      2.5804697E-23
    7.340758      1.8859171E-23
    7.414166      3.0221827E-23
    7.488308      1.1618533E-23
    7.563191      1.0509031E-23
    7.638823      4.5496554E-23
    7.715211      2.1231314E-23
    7.792363      1.2810374E-23
    7.870286      1.2517363E-23
    7.948989      1.0555657E-23
    8.028479      9.9888326E-24
    8.108764      9.3670841E-24
    8.189852      7.6506506E-24
    8.271750      4.9172226E-24
    8.354468      4.2402421E-24
    8.438012      3.9481733E-24
    8.522393      1.8126160E-24
    8.607616      2.2312380E-24
    8.693693      2.1853654E-24
    8.780630      1.2556162E-24
    8.868436      2.8402670E-24
    8.957120      9.8886089E-25
    9.046691      1.2854521E-24
    9.137158      2.2573584E-24
    9.228530      1.8138224E-24
    9.320815      1.3860884E-24
    9.414023      1.4290994E-24
    9.508164      1.3645494E-24
    9.603245      1.6015020E-24
    9.699278      6.4890935E-25
    9.796270      1.2419436E-24
    9.894233      2.4854450E-25
    9.993175      1.0045524E-24
   10.093107      1.6624081E-25
   10.194038      2.9907981E-25
   10.295979      5.8366145E-24
   10.398938      4.7618168E-24
   10.502928      2.5359023E-24
   10.607957      1.8689539E-24
   10.714037      8.0349662E-24
   10.821177      3.2660864E-24
   10.929389      2.0153609E-24
   11.038683      8.5984907E-25
   11.149070      8.9505529E-25
   11.260560      4.9679994E-25
   11.373166      4.5408428E-25
   11.486898      1.6618259E-24
   11.601766      8.0314073E-25
   11.717784      1.7002065E-24
   11.834962      5.6934793E-25
   11.953312      1.2130392E-24
   12.072845      1.3691027E-24
   12.193573      1.7316471E-24
   12.315509      2.3922307E-24
   12.438664      1.3298751E-24
   12.563051      7.4250804E-25
   12.688681      1.5437709E-24
   12.815568      1.2304350E-24
   12.943724      1.8121906E-24
   13.073161      1.2648314E-24
   13.203892      2.2167127E-24
   13.335931      2.7743704E-24
   13.469291      8.8931971E-25
   13.603984      1.6819873E-24
   13.740023      1.3097986E-24
   13.877424      1.4055999E-24
   14.016198      1.3031233E-24
   14.156360      3.0938851E-24
   14.297924      3.1745742E-24
   14.440903      3.1216294E-24
   14.585312      1.5458029E-24
   14.731165      1.7983506E-24
   14.878477      1.6236730E-24
   15.027261      2.8239305E-24
   15.177534      1.2177425E-24
   15.329309      2.7281931E-24
   15.482602      7.3407578E-24
   15.637428      7.8451524E-24
   15.793803      2.3676888E-24
   15.951741      6.7513595E-24
   16.111258      5.4398491E-24
   16.272371      4.0834098E-24
   16.435094      4.1943174E-24
   16.599445      7.3472288E-24
   16.765440      5.3137968E-24
   16.933094      6.4987036E-24
   17.102425      9.4242800E-24
   17.273449      1.9432821E-23
   17.446184      2.7133201E-24
   17.620646      1.0900496E-23
   17.796852      1.2466798E-23
   17.974821      1.3525469E-23
   18.154569      3.9442762E-24
   18.336115      1.6738340E-23
   18.519476      2.3960263E-23
   18.704670      7.3610318E-25
   18.891717      2.7113898E-23
   19.080634      1.4297367E-23
   19.271441      4.9985166E-23
   19.464155      2.9521224E-23
   19.658797      1.0550029E-23
   19.855385      4.9234472E-24
   20.053938      2.0745039E-23
   20.254478      1.3274004E-23
   20.457023      4.1003732E-23
   20.661593      1.5996173E-23
   20.868209      5.3568763E-23
   21.076891      1.8341931E-23
   21.287660      1.5062408E-24
   21.500536      7.5334538E-23
   21.715542      3.5943254E-23
   21.932697      2.7678418E-23
   22.152024      5.6822193E-23
   22.373544      8.2350860E-23
   22.597280      3.8809722E-24
   22.823253      1.6721209E-23
   23.051485      2.8007212E-24
   23.282000      4.9333224E-23
   23.514820      8.5791703E-23
   23.749968      9.0639590E-23
   23.987468      2.5135315E-24
   24.227343      4.5964408E-24
   24.469616      6.1597320E-24
   24.714312      5.4246568E-23
   24.961455      9.7682857E-23
   25.211070      1.4387414E-22
   25.463180      1.0450297E-23
   25.717812      2.0781331E-23
   25.974990      7.5943484E-24
   26.234740      1.5713392E-23
   26.497088      2.3006076E-22
   26.762059      2.2969995E-23
   27.029679      3.6495234E-24
   27.299976      2.3671512E-24
   27.572976      4.5779383E-23
   27.848705      4.8670042E-23
   28.127193      2.1130476E-22
   28.408464      2.8265700E-22
   28.692549      6.3411478E-24
   28.979475      9.2443478E-24
   29.269269      4.9936255E-23
   29.561962      3.2847540E-23
   29.857582      3.7316209E-24
