# Pressure:     1.000E+00 Ba
# Temperature:    260.000 K
#  lambda [mu]   kappa [cm^2/mol]
    0.500000      4.2183075E-29
    0.505000      3.9692788E-29
    0.510050      3.3686424E-30
    0.515150      2.5763248E-31
    0.520302      2.1184373E-30
    0.525505      3.2908224E-30
    0.530760      7.7676777E-31
    0.536068      7.0463931E-30
    0.541428      2.4742874E-29
    0.546843      6.0823150E-30
    0.552311      3.2196292E-31
    0.557834      1.2611320E-30
    0.563413      1.1588805E-29
    0.569047      3.1891724E-29
    0.574737      1.4574020E-29
    0.580484      9.9498663E-30
    0.586289      3.3009556E-28
    0.592152      2.4662678E-28
    0.598074      2.6031726E-29
    0.604054      1.1518766E-30
    0.610095      1.2878549E-31
    0.616196      1.7322806E-31
    0.622358      2.0522453E-29
    0.628582      2.6724452E-29
    0.634867      1.5926615E-29
    0.641216      7.7875037E-29
    0.647628      1.7782369E-28
    0.654104      8.1477603E-29
    0.660645      9.4160251E-30
    0.667252      5.0749590E-31
    0.673924      1.2913215E-30
    0.680664      1.1055631E-29
    0.687470      2.4781581E-28
    0.694345      3.7984884E-28
    0.701288      2.4314338E-28
    0.708301      1.4428302E-28
    0.715384      3.2215899E-27
    0.722538      2.2821498E-27
    0.729764      4.5224686E-28
    0.737061      6.8639178E-29
    0.744432      5.8502164E-30
    0.751876      2.1239411E-30
    0.759395      4.0965725E-31
    0.766989      3.9993247E-31
    0.774659      2.8177633E-30
    0.782405      1.8926608E-28
    0.790229      2.0358816E-28
    0.798132      2.3871904E-28
    0.806113      7.7914634E-28
    0.814174      2.7758448E-27
    0.822316      2.3053597E-27
    0.830539      5.9410220E-28
    0.838844      3.6071735E-28
    0.847233      3.3995738E-28
    0.855705      3.4094746E-28
    0.864262      4.8933969E-28
    0.872905      8.2315127E-28
    0.881634      1.3887356E-27
    0.890450      1.7120737E-26
    0.899355      1.1046611E-26
    0.908348      5.3174688E-27
    0.917432      1.8852648E-27
    0.926606      5.2070016E-26
    0.935872      3.6178807E-26
    0.945231      2.9699270E-26
    0.954683      1.3625718E-26
    0.964230      4.3530915E-27
    0.973872      4.5108221E-27
    0.983611      4.2812108E-27
    0.993447      4.4946558E-27
    1.003382      4.2166439E-27
    1.013416      9.0142129E-27
    1.023550      1.3623735E-26
    1.033785      8.1430174E-27
    1.044123      2.5768319E-27
    1.054564      6.8418597E-28
    1.065110      1.1459315E-27
    1.075761      1.3225511E-27
    1.086519      1.6123520E-27
    1.097384      2.9825416E-27
    1.108358      2.1349984E-26
    1.119441      1.1325649E-25
    1.130636      8.8174825E-26
    1.141942      6.3311736E-26
    1.153361      6.1133696E-26
    1.164895      7.6661269E-26
    1.176544      3.5246083E-26
    1.188309      1.4885285E-26
    1.200192      1.7977138E-26
    1.212194      1.9817015E-26
    1.224316      9.5203868E-27
    1.236560      1.7614125E-27
    1.248925      2.9689837E-27
    1.261414      1.9832470E-27
    1.274028      3.1752421E-27
    1.286769      1.1228099E-26
    1.299636      1.6557368E-26
    1.312633      2.3516692E-26
    1.325759      4.0652063E-26
    1.339017      1.2764246E-25
    1.352407      1.3565766E-24
    1.365931      8.2951716E-25
    1.379590      1.0208366E-24
    1.393386      7.6574355E-25
    1.407320      2.8357820E-25
    1.421393      1.4081131E-25
    1.435607      1.3855035E-25
    1.449963      5.2608288E-26
    1.464463      1.1372491E-25
    1.479108      1.2717361E-25
    1.493899      1.8917814E-25
    1.508838      2.0074155E-25
    1.523926      9.8598214E-26
    1.539165      4.6280837E-26
    1.554557      1.0929951E-26
    1.570102      4.6059980E-27
    1.585803      2.6385217E-27
    1.601662      2.8626683E-27
    1.617678      2.5688443E-26
    1.633855      2.0470587E-25
    1.650193      1.0102611E-25
    1.666695      8.4010789E-26
    1.683362      1.1126733E-25
    1.700196      1.4600474E-25
    1.717198      1.2303304E-25
    1.734370      7.0705217E-26
    1.751714      4.0148089E-26
    1.769231      8.4063735E-26
    1.786923      1.5993694E-25
    1.804792      6.2040820E-25
    1.822840      1.8469511E-24
    1.841069      2.0921888E-24
    1.859479      2.5904390E-24
    1.878074      6.6160785E-25
    1.896855      1.3118917E-24
    1.915823      4.7584324E-25
    1.934982      3.7474502E-25
    1.954331      4.3221390E-25
    1.973875      3.8074826E-25
    1.993613      3.3378221E-25
    2.013550      1.5308777E-25
    2.033685      3.0747036E-26
    2.054022      1.1450535E-26
    2.074562      3.5367668E-27
    2.095308      1.1023515E-27
    2.116261      4.4871091E-27
    2.137423      2.7808413E-26
    2.158798      9.3640818E-26
    2.180386      1.4226968E-25
    2.202190      4.6215164E-25
    2.224211      8.2069792E-25
    2.246454      1.2836261E-24
    2.268918      1.4371259E-24
    2.291607      1.4689773E-24
    2.314523      1.1281420E-24
    2.337669      1.5877162E-24
    2.361045      1.8489559E-24
    2.384656      7.6809659E-25
    2.408502      2.7006390E-25
    2.432587      1.4969526E-25
    2.456913      1.0628666E-25
    2.481482      1.7414617E-25
    2.506297      7.9092762E-25
    2.531360      2.4475141E-24
    2.556674      1.1743496E-23
    2.582240      2.5613609E-23
    2.608063      1.7278042E-23
    2.634143      7.2031595E-24
    2.660485      1.1942988E-23
    2.687090      9.2187657E-24
    2.713961      1.0184295E-23
    2.741100      1.1648018E-23
    2.768511      3.4785115E-24
    2.796196      1.4390765E-24
    2.824158      1.2412855E-24
    2.852400      7.8012248E-25
    2.880924      9.0979268E-25
    2.909733      7.7552676E-25
    2.938830      7.1192894E-25
    2.968219      4.0562565E-25
    2.997901      4.0088359E-25
    3.027880      4.1658082E-25
    3.058159      3.7628301E-25
    3.088740      4.6273349E-25
    3.119628      4.4624730E-25
    3.150824      1.6360065E-24
    3.182332      1.4846361E-23
    3.214156      1.8545528E-23
    3.246297      1.7138193E-23
    3.278760      4.8745859E-24
    3.311548      4.6121313E-24
    3.344663      1.2791075E-23
    3.378110      1.3768593E-23
    3.411891      6.1842836E-24
    3.446010      1.7592195E-24
    3.480470      6.6617340E-25
    3.515275      1.2111509E-24
    3.550427      6.3111726E-25
    3.585932      3.9595221E-25
    3.621791      3.7461355E-25
    3.658009      2.0318286E-25
    3.694589      3.0004107E-25
    3.731535      1.4851073E-25
    3.768850      1.1591877E-25
    3.806539      7.6619576E-26
    3.844604      1.2969863E-25
    3.883050      8.8436599E-26
    3.921881      7.0013959E-26
    3.961099      6.8020671E-26
    4.000710      6.0433587E-26
    4.040718      4.6762900E-26
    4.081125      1.8938053E-26
    4.121936      9.7326619E-27
    4.163155      7.9883227E-27
    4.204787      1.8029534E-26
    4.246835      6.7409284E-27
    4.289303      3.4378195E-27
    4.332196      5.2685683E-27
    4.375518      3.3268493E-27
    4.419273      3.7643800E-27
    4.463466      1.8841076E-27
    4.508101      3.6113419E-27
    4.553182      2.5610457E-27
    4.598714      4.9416473E-27
    4.644701      1.5526953E-26
    4.691148      1.2549016E-26
    4.738059      5.7427017E-27
    4.785440      1.0700537E-26
    4.833294      1.1756413E-26
    4.881627      6.0505621E-26
    4.930443      1.7880675E-25
    4.979748      3.6754004E-25
    5.029545      1.1511629E-26
    5.079841      7.7801018E-26
    5.130639      5.4648170E-25
    5.181946      1.7546624E-24
    5.233765      3.4041790E-25
    5.286103      1.5191294E-25
    5.338964      4.2776844E-25
    5.392353      5.2553598E-24
    5.446277      2.7370966E-24
    5.500740      3.0252564E-24
    5.555747      6.6017092E-24
    5.611304      1.2442290E-23
    5.667418      1.0363117E-23
    5.724092      2.3280376E-23
    5.781333      1.8620495E-23
    5.839146      4.1884958E-23
    5.897537      2.5836534E-23
    5.956513      1.5248540E-23
    6.016078      4.9522377E-23
    6.076239      1.8591969E-23
    6.137001      2.2233582E-23
    6.198371      1.9710893E-24
    6.260355      1.1206323E-24
    6.322958      1.0285406E-23
    6.386188      3.2415991E-23
    6.450050      4.2308226E-23
    6.514550      2.5998083E-23
    6.579696      3.2934961E-23
    6.645493      1.4862573E-23
    6.711948      4.6733548E-24
    6.779067      6.7710912E-24
    6.846858      3.1694701E-24
    6.915326      8.4421559E-24
    6.984480      9.8513693E-24
    7.054324      1.5660568E-24
    7.124868      3.8652406E-24
    7.196116      1.9555466E-24
    7.268078      6.3481272E-24
    7.340758      1.5360363E-23
    7.414166      2.7521531E-23
    7.488308      1.5487514E-23
    7.563191      5.1010913E-24
    7.638823      7.1974923E-23
    7.715211      1.0201653E-23
    7.792363      7.7673510E-24
    7.870286      1.3063043E-23
    7.948989      7.1969265E-24
    8.028479      3.9118346E-24
    8.108764      1.6513864E-24
    8.189852      9.4127680E-25
    8.271750      3.1307007E-25
    8.354468      2.6710163E-25
    8.438012      9.5553655E-25
    8.522393      1.2762651E-25
    8.607616      6.6884160E-25
    8.693693      2.6843958E-24
    8.780630      7.7688652E-25
    8.868436      6.4129369E-24
    8.957120      1.2973160E-24
    9.046691      2.4872564E-24
    9.137158      1.1680806E-23
    9.228530      6.6547245E-24
    9.320815      9.6897407E-24
    9.414023      7.3677993E-24
    9.508164      1.3811201E-23
    9.603245      1.5155897E-23
    9.699278      4.5543970E-24
    9.796270      9.9496944E-24
    9.894233      7.0809685E-25
    9.993175      1.3058139E-23
   10.093107      5.0165243E-26
   10.194038      6.3476913E-26
   10.295979      5.7027963E-23
   10.398938      3.2898628E-24
   10.502928      6.2795767E-24
   10.607957      8.1660914E-25
   10.714037      6.7097138E-23
   10.821177      5.6264380E-24
   10.929389      6.2935119E-25
   11.038683      1.5661934E-25
   11.149070      6.8193491E-24
   11.260560      4.5099501E-25
   11.373166      9.5827685E-26
   11.486898      8.9429379E-24
   11.601766      6.7124888E-26
   11.717784      8.0193962E-24
   11.834962      1.2553011E-25
   11.953312      6.0905641E-24
   12.072845      3.9784968E-24
   12.193573      5.0106237E-24
   12.315509      2.4588272E-24
   12.438664      4.8308494E-25
   12.563051      9.1286543E-25
   12.688681      1.0248209E-24
   12.815568      1.1434241E-24
   12.943724      8.4201848E-25
   13.073161      5.8558114E-25
   13.203892      4.5554676E-25
   13.335931      5.4411272E-25
   13.469291      2.3520398E-25
   13.603984      1.8169491E-25
   13.740023      2.4932448E-25
   13.877424      8.4501369E-26
   14.016198      2.4403815E-25
   14.156360      7.6122808E-26
   14.297924      7.5093229E-26
   14.440903      2.2110181E-25
   14.585312      3.2648883E-26
   14.731165      3.0056505E-26
   14.878477      1.1823496E-25
   15.027261      1.2016961E-25
   15.177534      2.3645589E-26
   15.329309      1.0611039E-25
   15.482602      1.2849420E-25
   15.637428      3.6455938E-25
   15.793803      7.9053005E-25
   15.951741      4.1043149E-25
   16.111258      2.6802944E-25
   16.272371      5.0047899E-26
   16.435094      5.5108678E-26
   16.599445      1.4496272E-25
   16.765440      5.8461047E-25
   16.933094      1.6404595E-25
   17.102425      3.6020363E-25
   17.273449      5.8709274E-25
   17.446184      6.1366179E-25
   17.620646      8.8868912E-26
   17.796852      4.4353817E-26
   17.974821      2.2994200E-25
   18.154569      6.6623454E-25
   18.336115      8.9058372E-26
   18.519476      2.6656452E-25
   18.704670      7.2727185E-26
   18.891717      1.6833065E-24
   19.080634      8.7882805E-25
   19.271441      3.3099071E-25
   19.464155      2.5711800E-25
   19.658797      2.1831537E-25
   19.855385      1.5565733E-25
   20.053938      1.2433669E-25
   20.254478      1.1745275E-25
   20.457023      1.8594484E-24
   20.661593      1.4669605E-25
   20.868209      4.4403342E-25
   21.076891      1.5150571E-24
   21.287660      8.8474402E-26
   21.500536      9.8011096E-25
   21.715542      7.8379476E-24
   21.932697      1.2478992E-24
   22.152024      1.2009494E-24
   22.373544      3.4995758E-24
   22.597280      6.9411808E-26
   22.823253      4.5350439E-25
   23.051485      9.1223099E-25
   23.282000      1.6977611E-24
   23.514820      3.7474931E-24
   23.749968      1.2007249E-23
   23.987468      9.0606565E-26
   24.227343      5.5568532E-26
   24.469616      1.3000991E-25
   24.714312      3.0397022E-24
   24.961455      1.7098809E-23
   25.211070      1.2713317E-23
   25.463180      1.2968142E-25
   25.717812      7.9255729E-24
   25.974990      2.3468656E-25
   26.234740      8.7368313E-25
   26.497088      2.8701318E-23
   26.762059      8.4198751E-24
   27.029679      1.5220280E-25
   27.299976      2.8943463E-25
   27.572976      5.3813389E-24
   27.848705      5.3859076E-24
   28.127193      4.5584445E-23
   28.408464      5.8794450E-23
   28.692549      1.0123248E-24
   28.979475      2.3864274E-24
   29.269269      7.1320998E-25
   29.561962      3.4456141E-23
   29.857582      7.3920395E-25
