# Pressure:     3.000E+00 Ba
# Temperature:    375.000 K
#  lambda [mu]   kappa [cm^2/mol]
    0.500000      4.5492793E-29
    0.505000      4.0408994E-29
    0.510050      8.1092486E-30
    0.515150      5.4467343E-31
    0.520302      2.5164960E-30
    0.525505      2.9518504E-30
    0.530760      9.0900900E-31
    0.536068      1.0324335E-29
    0.541428      2.2923120E-29
    0.546843      8.8486119E-30
    0.552311      8.5239976E-31
    0.557834      1.4223950E-30
    0.563413      1.5312262E-29
    0.569047      3.1951944E-29
    0.574737      2.0900220E-29
    0.580484      1.5565658E-29
    0.586289      3.4262890E-28
    0.592152      2.6883609E-28
    0.598074      5.7494811E-29
    0.604054      4.1066121E-30
    0.610095      3.2872357E-31
    0.616196      2.6102454E-31
    0.622358      2.7808098E-29
    0.628582      2.8581478E-29
    0.634867      2.4044007E-29
    0.641216      1.1684227E-28
    0.647628      1.7349759E-28
    0.654104      1.2337997E-28
    0.660645      1.8536679E-29
    0.667252      1.6629148E-30
    0.673924      2.2499114E-30
    0.680664      1.4143653E-29
    0.687470      3.6146561E-28
    0.694345      3.4036297E-28
    0.701288      3.1677766E-28
    0.708301      2.1769111E-28
    0.715384      3.0414538E-27
    0.722538      2.4396250E-27
    0.729764      7.6479886E-28
    0.737061      1.6881045E-28
    0.744432      1.8917760E-29
    0.751876      3.5349774E-30
    0.759395      9.0637908E-31
    0.766989      9.0543609E-31
    0.774659      6.6602366E-30
    0.782405      2.4762261E-28
    0.790229      2.1351373E-28
    0.798132      2.8287715E-28
    0.806113      1.4438451E-27
    0.814174      2.3061081E-27
    0.822316      2.2177809E-27
    0.830539      1.1025483E-27
    0.838844      4.0286692E-28
    0.847233      3.9093392E-28
    0.855705      3.6703679E-28
    0.864262      5.2947696E-28
    0.872905      8.6402799E-28
    0.881634      1.7684569E-27
    0.890450      1.5791694E-26
    0.899355      9.8485446E-27
    0.908348      6.6230270E-27
    0.917432      2.8571027E-27
    0.926606      5.9297440E-26
    0.935872      3.3897042E-26
    0.945231      4.0740990E-26
    0.954683      2.1786882E-26
    0.964230      5.7130320E-27
    0.973872      5.7701320E-27
    0.983611      4.3276248E-27
    0.993447      4.3635882E-27
    1.003382      4.6054288E-27
    1.013416      9.6448302E-27
    1.023550      1.1256402E-26
    1.033785      8.0876219E-27
    1.044123      3.4999226E-27
    1.054564      9.8251958E-28
    1.065110      1.3288272E-27
    1.075761      1.4005582E-27
    1.086519      1.9987064E-27
    1.097384      4.3697270E-27
    1.108358      4.0788960E-26
    1.119441      1.0404523E-25
    1.130636      9.3872727E-26
    1.141942      6.6999503E-26
    1.153361      7.6318027E-26
    1.164895      7.2275613E-26
    1.176544      3.4629746E-26
    1.188309      1.9245507E-26
    1.200192      1.7432073E-26
    1.212194      1.7997683E-26
    1.224316      9.4182971E-27
    1.236560      3.0584143E-27
    1.248925      3.4627014E-27
    1.261414      1.7210879E-27
    1.274028      4.6417523E-27
    1.286769      1.1570740E-26
    1.299636      1.7804028E-26
    1.312633      2.5074586E-26
    1.325759      4.6701462E-26
    1.339017      3.0071273E-25
    1.352407      1.5608376E-24
    1.365931      7.0865058E-25
    1.379590      1.1249770E-24
    1.393386      9.2492879E-25
    1.407320      5.1099173E-25
    1.421393      2.5029618E-25
    1.435607      1.6930191E-25
    1.449963      5.7989890E-26
    1.464463      1.3542201E-25
    1.479108      1.5612641E-25
    1.493899      1.6042077E-25
    1.508838      1.8722014E-25
    1.523926      1.0056868E-25
    1.539165      6.3721113E-26
    1.554557      2.0079117E-26
    1.570102      6.6343443E-27
    1.585803      4.0413507E-27
    1.601662      6.0186245E-27
    1.617678      5.1237789E-26
    1.633855      2.1452136E-25
    1.650193      8.7680056E-26
    1.666695      1.0165692E-25
    1.683362      1.2810289E-25
    1.700196      1.3175038E-25
    1.717198      1.0717449E-25
    1.734370      8.3097118E-26
    1.751714      6.3002184E-26
    1.769231      1.0809117E-25
    1.786923      3.1065830E-25
    1.804792      1.1059174E-24
    1.822840      2.0044878E-24
    1.841069      1.6842868E-24
    1.859479      2.5830311E-24
    1.878074      5.8472530E-25
    1.896855      1.5004718E-24
    1.915823      8.5959785E-25
    1.934982      5.7942390E-25
    1.954331      4.0530601E-25
    1.973875      3.4213934E-25
    1.993613      3.1185894E-25
    2.013550      2.1672283E-25
    2.033685      5.8016535E-26
    2.054022      1.9707084E-26
    2.074562      7.9501278E-27
    2.095308      3.5014745E-27
    2.116261      1.1077815E-26
    2.137423      4.2518912E-26
    2.158798      9.6779279E-26
    2.180386      2.3721173E-25
    2.202190      5.2222849E-25
    2.224211      8.3891729E-25
    2.246454      1.3324907E-24
    2.268918      1.2309336E-24
    2.291607      1.2111765E-24
    2.314523      1.2052142E-24
    2.337669      1.5603533E-24
    2.361045      1.7726252E-24
    2.384656      8.6590443E-25
    2.408502      4.3789253E-25
    2.432587      2.6305289E-25
    2.456913      2.0120369E-25
    2.481482      4.8412776E-25
    2.506297      2.2026481E-24
    2.531360      5.4564416E-24
    2.556674      1.4865413E-23
    2.582240      2.2981901E-23
    2.608063      1.2881588E-23
    2.634143      6.5098928E-24
    2.660485      1.6539183E-23
    2.687090      8.4771064E-24
    2.713961      1.2293228E-23
    2.741100      1.7071292E-23
    2.768511      7.0301429E-24
    2.796196      3.5863588E-24
    2.824158      2.7707092E-24
    2.852400      1.4202721E-24
    2.880924      1.2688485E-24
    2.909733      8.1112234E-25
    2.938830      6.9401623E-25
    2.968219      5.6851192E-25
    2.997901      6.0991563E-25
    3.027880      4.7205301E-25
    3.058159      3.7981312E-25
    3.088740      5.7085243E-25
    3.119628      1.2546729E-24
    3.150824      4.8021131E-24
    3.182332      2.1546285E-23
    3.214156      2.0573968E-23
    3.246297      1.5629399E-23
    3.278760      4.8964959E-24
    3.311548      1.0714653E-23
    3.344663      1.0255715E-23
    3.378110      1.4252960E-23
    3.411891      9.4006917E-24
    3.446010      3.8523074E-24
    3.480470      1.2839878E-24
    3.515275      1.2134232E-24
    3.550427      6.1715520E-25
    3.585932      4.4265932E-25
    3.621791      3.7906842E-25
    3.658009      2.6208276E-25
    3.694589      3.5035200E-25
    3.731535      1.7093099E-25
    3.768850      1.6796308E-25
    3.806539      7.8798683E-26
    3.844604      1.4426566E-25
    3.883050      9.6848602E-26
    3.921881      8.2332812E-26
    3.961099      7.7260642E-26
    4.000710      7.0839939E-26
    4.040718      5.9332485E-26
    4.081125      3.1912665E-26
    4.121936      2.2225510E-26
    4.163155      2.0444153E-26
    4.204787      3.3428364E-26
    4.246835      1.5490055E-26
    4.289303      1.1059642E-26
    4.332196      1.2961072E-26
    4.375518      1.1178260E-26
    4.419273      1.3792826E-26
    4.463466      9.3222755E-27
    4.508101      1.9593187E-26
    4.553182      1.5506108E-26
    4.598714      3.1337697E-26
    4.644701      7.4414365E-26
    4.691148      6.6995766E-26
    4.738059      3.7538747E-26
    4.785440      4.2158849E-26
    4.833294      3.7048983E-26
    4.881627      2.1150611E-25
    4.930443      5.6373151E-25
    4.979748      9.8086848E-25
    5.029545      6.8172579E-26
    5.079841      2.2966770E-25
    5.130639      1.0663645E-24
    5.181946      3.2116860E-24
    5.233765      7.8310780E-25
    5.286103      4.5591595E-25
    5.338964      1.1276907E-24
    5.392353      7.0387654E-24
    5.446277      4.5471381E-24
    5.500740      5.7380153E-24
    5.555747      9.8595409E-24
    5.611304      1.4625991E-23
    5.667418      1.6277429E-23
    5.724092      2.5365224E-23
    5.781333      2.1923190E-23
    5.839146      3.6832830E-23
    5.897537      2.5906127E-23
    5.956513      1.2897136E-23
    6.016078      3.9720965E-23
    6.076239      1.4807338E-23
    6.137001      1.7029669E-23
    6.198371      2.5613122E-24
    6.260355      1.6193265E-24
    6.322958      9.6539270E-24
    6.386188      3.4012546E-23
    6.450050      3.8326621E-23
    6.514550      3.2677134E-23
    6.579696      3.8653836E-23
    6.645493      2.0090764E-23
    6.711948      9.5034113E-24
    6.779067      8.7788192E-24
    6.846858      6.8441888E-24
    6.915326      1.4501426E-23
    6.984480      1.7056351E-23
    7.054324      3.7771700E-24
    7.124868      8.7395353E-24
    7.196116      5.5946556E-24
    7.268078      1.4812652E-23
    7.340758      1.8848294E-23
    7.414166      2.6710016E-23
    7.488308      1.1701549E-23
    7.563191      5.2666365E-24
    7.638823      6.4002525E-23
    7.715211      1.1538432E-23
    7.792363      8.3873245E-24
    7.870286      1.3227966E-23
    7.948989      9.7713283E-24
    8.028479      7.0107907E-24
    8.108764      4.0385152E-24
    8.189852      3.0004084E-24
    8.271750      1.1407309E-24
    8.354468      1.1060771E-24
    8.438012      2.7201709E-24
    8.522393      5.2957672E-25
    8.607616      2.2658275E-24
    8.693693      4.5457066E-24
    8.780630      1.7541678E-24
    8.868436      9.3410015E-24
    8.957120      2.2590580E-24
    9.046691      3.7289625E-24
    9.137158      1.1515272E-23
    9.228530      7.8799796E-24
    9.320815      8.3776801E-24
    9.414023      7.0175108E-24
    9.508164      1.0143164E-23
    9.603245      1.1427132E-23
    9.699278      3.3045794E-24
    9.796270      6.3466519E-24
    9.894233      1.3489904E-24
    9.993175      7.5522988E-24
   10.093107      2.9619553E-25
   10.194038      3.8583041E-25
   10.295979      4.3071922E-23
   10.398938      9.0036575E-24
   10.502928      5.0621712E-24
   10.607957      2.5302406E-24
   10.714037      5.1475778E-23
   10.821177      9.0953934E-24
   10.929389      2.4423739E-24
   11.038683      6.4089688E-25
   11.149070      4.0592405E-24
   11.260560      1.2446050E-24
   11.373166      4.7304975E-25
   11.486898      8.0079704E-24
   11.601766      4.2213118E-25
   11.717784      7.1007875E-24
   11.834962      5.2866623E-25
   11.953312      5.5144949E-24
   12.072845      4.9437573E-24
   12.193573      5.5655890E-24
   12.315509      3.8658980E-24
   12.438664      1.0615558E-24
   12.563051      1.5763119E-24
   12.688681      2.3931750E-24
   12.815568      2.3102386E-24
   12.943724      1.6816763E-24
   13.073161      1.4636050E-24
   13.203892      1.1620026E-24
   13.335931      1.7526170E-24
   13.469291      7.9908245E-25
   13.603984      6.1230952E-25
   13.740023      7.9787046E-25
   13.877424      3.4206817E-25
   14.016198      8.3066420E-25
   14.156360      4.4437895E-25
   14.297924      3.9472087E-25
   14.440903      9.7084233E-25
   14.585312      1.6989699E-25
   14.731165      1.5396724E-25
   14.878477      3.2199102E-25
   15.027261      4.0993063E-25
   15.177534      1.4563471E-25
   15.329309      3.8988886E-25
   15.482602      7.8091941E-25
   15.637428      1.6156789E-24
   15.793803      2.4695710E-24
   15.951741      1.7234612E-24
   16.111258      8.8534167E-25
   16.272371      3.3638532E-25
   16.435094      3.5104971E-25
   16.599445      8.0862369E-25
   16.765440      1.8058644E-24
   16.933094      9.4180517E-25
   17.102425      1.4455299E-24
   17.273449      2.1006140E-24
   17.446184      1.3947853E-24
   17.620646      2.8136043E-25
   17.796852      3.8146077E-25
   17.974821      1.0313499E-24
   18.154569      1.6315209E-24
   18.336115      4.1228655E-25
   18.519476      9.6827731E-25
   18.704670      3.5048565E-25
   18.891717      4.8978777E-24
   19.080634      3.7275215E-24
   19.271441      2.8859493E-24
   19.464155      2.0094006E-24
   19.658797      1.6927469E-24
   19.855385      1.4265273E-24
   20.053938      1.1658160E-24
   20.254478      1.2306052E-24
   20.457023      4.6475637E-24
   20.661593      1.1563248E-24
   20.868209      4.0572978E-24
   21.076891      4.3669759E-24
   21.287660      1.1656367E-24
   21.500536      7.5949189E-24
   21.715542      1.6253423E-23
   21.932697      6.0368323E-24
   22.152024      7.7653259E-24
   22.373544      1.3943744E-23
   22.597280      7.8992817E-25
   22.823253      3.7951890E-24
   23.051485      1.3358251E-24
   23.282000      9.0610021E-24
   23.514820      1.9586727E-23
   23.749968      3.2308741E-23
   23.987468      9.8361888E-25
   24.227343      6.3990683E-25
   24.469616      1.0556671E-24
   24.714312      1.4905836E-23
   24.961455      4.9952429E-23
   25.211070      5.4535733E-23
   25.463180      1.3635288E-24
   25.717812      1.0476376E-23
   25.974990      2.3915504E-24
   26.234740      1.0191368E-23
   26.497088      1.0397205E-22
   26.762059      1.3016062E-23
   27.029679      1.5825580E-24
   27.299976      1.9466590E-24
   27.572976      2.0951124E-23
   27.848705      2.7418203E-23
   28.127193      1.3529325E-22
   28.408464      1.6265150E-22
   28.692549      5.1725118E-24
   28.979475      1.0849434E-23
   29.269269      5.3497029E-24
   29.561962      3.7141045E-23
   29.857582      5.5424768E-24
