# Pressure:     3.000E-05 Ba
# Temperature:    150.000 K
#  lambda [mu]   kappa [cm^2/mol]
    0.500000      2.1390901E-31
    0.505000      1.7073574E-31
    0.510050      1.2582574E-31
    0.515150      1.2076995E-31
    0.520302      1.1848053E-31
    0.525505      1.1222522E-31
    0.530760      1.0680457E-31
    0.536068      1.0512878E-31
    0.541428      1.5011930E-31
    0.546843      9.5960323E-32
    0.552311      9.0692179E-32
    0.557834      8.7158839E-32
    0.563413      8.6792018E-32
    0.569047      1.2126618E-31
    0.574737      9.2278090E-32
    0.580484      8.4044468E-32
    0.586289      6.6414889E-31
    0.592152      3.8174581E-31
    0.598074      6.8922581E-32
    0.604054      6.2848413E-32
    0.610095      6.0344451E-32
    0.616196      5.7941246E-32
    0.622358      6.5430988E-32
    0.628582      7.9161734E-32
    0.634867      5.8686828E-32
    0.641216      1.0320633E-31
    0.647628      2.7256688E-31
    0.654104      9.9787857E-32
    0.660645      4.4748521E-32
    0.667252      4.1883493E-32
    0.673924      4.0376981E-32
    0.680664      5.4851334E-32
    0.687470      2.5519880E-31
    0.694345      6.5338645E-31
    0.701288      2.7711339E-31
    0.708301      2.1912895E-31
    0.715384      4.3702110E-30
    0.722538      3.4421633E-30
    0.729764      3.7074329E-31
    0.737061      5.1584730E-32
    0.744432      2.7820615E-32
    0.751876      2.6166662E-32
    0.759395      2.4764471E-32
    0.766989      2.3785393E-32
    0.774659      2.2978201E-32
    0.782405      1.2493143E-31
    0.790229      2.1236200E-31
    0.798132      2.8767874E-31
    0.806113      5.2572770E-31
    0.814174      1.9399782E-30
    0.822316      1.7512168E-30
    0.830539      9.2126414E-29
    0.838844      3.1712865E-28
    0.847233      2.6705734E-28
    0.855705      3.5598150E-28
    0.864262      4.7469274E-28
    0.872905      8.5831139E-28
    0.881634      1.2644677E-27
    0.890450      1.7178344E-26
    0.899355      8.5735409E-27
    0.908348      2.6097000E-28
    0.917432      2.5672490E-28
    0.926606      6.1985857E-28
    0.935872      2.9897482E-28
    0.945231      1.3122922E-28
    0.954683      1.8638866E-28
    0.964230      6.2745780E-28
    0.973872      1.2252186E-27
    0.983611      4.8703881E-27
    0.993447      4.8585931E-27
    1.003382      4.2120600E-27
    1.013416      8.9771510E-27
    1.023550      1.7811240E-26
    1.033785      8.0255323E-27
    1.044123      1.3141201E-27
    1.054564      5.8366104E-28
    1.065110      9.9167646E-28
    1.075761      1.3579067E-27
    1.086519      7.7205136E-28
    1.097384      6.8893467E-28
    1.108358      1.1934987E-27
    1.119441      1.2814096E-26
    1.130636      1.4877442E-26
    1.141942      4.1874954E-27
    1.153361      3.7379087E-26
    1.164895      8.9340354E-26
    1.176544      2.8402729E-26
    1.188309      1.0175915E-26
    1.200192      2.0479648E-26
    1.212194      2.2393406E-26
    1.224316      8.3373129E-27
    1.236560      8.6632932E-28
    1.248925      1.7833913E-27
    1.261414      2.0647879E-27
    1.274028      1.9148156E-27
    1.286769      1.0730360E-26
    1.299636      1.4820119E-26
    1.312633      1.6693239E-26
    1.325759      2.0200107E-26
    1.339017      2.0130298E-26
    1.352407      5.2724887E-26
    1.365931      3.7186805E-26
    1.379590      4.8792807E-26
    1.393386      7.3200332E-26
    1.407320      3.8042258E-26
    1.421393      1.1024696E-26
    1.435607      1.4426657E-26
    1.449963      1.3427667E-26
    1.464463      3.4288815E-26
    1.479108      8.9921903E-26
    1.493899      2.1284697E-25
    1.508838      2.1124275E-25
    1.523926      7.7723098E-26
    1.539165      2.0527701E-26
    1.554557      5.9563113E-27
    1.570102      4.0144835E-27
    1.585803      1.7804446E-27
    1.601662      8.4931281E-28
    1.617678      8.6493136E-27
    1.633855      9.3372628E-26
    1.650193      1.0751627E-25
    1.666695      6.3884532E-26
    1.683362      6.9177251E-26
    1.700196      1.9332819E-25
    1.717198      1.4401969E-25
    1.734370      4.8499591E-26
    1.751714      2.3530281E-26
    1.769231      9.0696363E-26
    1.786923      9.7546568E-26
    1.804792      3.0137244E-26
    1.822840      1.2068409E-26
    1.841069      1.1544164E-26
    1.859479      4.4910705E-27
    1.878074      2.0951235E-27
    1.896855      5.0472773E-27
    1.915823      2.3234784E-26
    1.934982      1.4957077E-25
    1.954331      2.9255732E-25
    1.973875      2.9614631E-25
    1.993613      1.8766670E-25
    2.013550      6.1411013E-26
    2.033685      1.4354065E-26
    2.054022      4.3517347E-27
    2.074562      9.1297661E-28
    2.095308      1.8431493E-28
    2.116261      3.9102408E-28
    2.137423      5.2387274E-27
    2.158798      9.2036734E-26
    2.180386      5.6272735E-26
    2.202190      1.6392585E-25
    2.224211      4.2850287E-25
    2.246454      7.8597582E-25
    2.268918      1.3364979E-24
    2.291607      1.9713909E-24
    2.314523      1.0684365E-24
    2.337669      1.4202645E-24
    2.361045      1.3853483E-24
    2.384656      2.9366904E-25
    2.408502      1.2743161E-25
    2.432587      5.6445575E-26
    2.456913      2.9865901E-26
    2.481482      2.5317809E-26
    2.506297      2.9756405E-26
    2.531360      2.5663903E-26
    2.556674      1.6680219E-25
    2.582240      1.0769699E-25
    2.608063      1.5731241E-26
    2.634143      4.9338453E-27
    2.660485      9.8793990E-27
    2.687090      3.8738075E-27
    2.713961      1.7582330E-27
    2.741100      2.0712166E-27
    2.768511      2.6520630E-27
    2.796196      1.9950684E-26
    2.824158      1.1794217E-25
    2.852400      2.2153640E-25
    2.880924      3.1297494E-25
    2.909733      3.6624827E-25
    2.938830      4.4897948E-25
    2.968219      2.1389727E-25
    2.997901      2.3624842E-25
    3.027880      2.2465970E-25
    3.058159      1.3302516E-25
    3.088740      2.4485536E-25
    3.119628      9.1322727E-26
    3.150824      1.1451889E-25
    3.182332      1.3888022E-24
    3.214156      2.4227965E-24
    3.246297      3.4359769E-24
    3.278760      3.6652959E-24
    3.311548      1.6518002E-24
    3.344663      2.1459880E-24
    3.378110      2.3549028E-24
    3.411891      8.1065839E-25
    3.446010      5.8298348E-25
    3.480470      3.5564142E-25
    3.515275      6.7828034E-25
    3.550427      6.5174136E-25
    3.585932      2.1253042E-25
    3.621791      1.2831886E-25
    3.658009      5.6910854E-26
    3.694589      1.4362804E-25
    3.731535      7.9999315E-26
    3.768850      7.1982739E-26
    3.806539      1.5173603E-26
    3.844604      8.6760655E-26
    3.883050      4.3940225E-26
    3.921881      3.7788218E-26
    3.961099      2.0893456E-26
    4.000710      1.0457761E-26
    4.040718      7.5994375E-27
    4.081125      3.6450481E-27
    4.121936      1.2397582E-27
    4.163155      1.6493775E-28
    4.204787      1.5299830E-27
    4.246835      4.8669928E-28
    4.289303      2.6316131E-28
    4.332196      1.9509324E-28
    4.375518      9.8926816E-29
    4.419273      1.4423464E-28
    4.463466      4.0196403E-29
    4.508101      2.0931226E-29
    4.553182      7.0126914E-30
    4.598714      1.9628719E-30
    4.644701      9.9612034E-31
    4.691148      9.3512751E-31
    4.738059      1.2583484E-30
    4.785440      2.2600764E-30
    4.833294      2.8115608E-30
    4.881627      4.3071136E-30
    4.930443      7.3497039E-30
    4.979748      7.7474734E-30
    5.029545      2.9722677E-30
    5.079841      1.3215073E-29
    5.130639      5.7465673E-29
    5.181946      2.1234497E-28
    5.233765      6.7391064E-29
    5.286103      2.5266016E-27
    5.338964      2.2444149E-27
    5.392353      4.3796238E-27
    5.446277      1.5047168E-27
    5.500740      6.7299160E-27
    5.555747      2.3578369E-26
    5.611304      3.0504075E-26
    5.667418      9.3946601E-26
    5.724092      2.5042611E-25
    5.781333      2.2439992E-25
    5.839146      1.8988209E-25
    5.897537      2.7450712E-25
    5.956513      2.7954468E-25
    6.016078      3.1392216E-25
    6.076239      3.2803393E-25
    6.137001      2.4950352E-24
    6.198371      2.9913230E-25
    6.260355      2.8827384E-25
    6.322958      1.4410513E-25
    6.386188      2.3599410E-25
    6.450050      3.9661547E-25
    6.514550      1.1451208E-25
    6.579696      1.2714001E-25
    6.645493      5.7018816E-26
    6.711948      3.8488231E-26
    6.779067      3.1313087E-26
    6.846858      2.9288269E-26
    6.915326      1.7038062E-26
    6.984480      1.2972559E-26
    7.054324      7.5426248E-27
    7.124868      8.5760583E-27
    7.196116      1.7913977E-26
    7.268078      5.2561561E-26
    7.340758      6.8691286E-25
    7.414166      1.6066276E-24
    7.488308      7.5189440E-25
    7.563191      3.2959433E-25
    7.638823      3.6105382E-23
    7.715211      6.5148340E-25
    7.792363      3.1507778E-25
    7.870286      3.8392787E-25
    7.948989      2.0037446E-25
    8.028479      6.3382859E-26
    8.108764      1.6022341E-26
    8.189852      5.5456908E-27
    8.271750      2.9536237E-27
    8.354468      1.1019126E-27
    8.438012      4.1278755E-27
    8.522393      3.0623040E-28
    8.607616      3.7067584E-27
    8.693693      1.5887559E-26
    8.780630      4.5167413E-27
    8.868436      4.8520907E-26
    8.957120      1.0529532E-26
    9.046691      2.9971148E-26
    9.137158      1.8666541E-25
    9.228530      7.2508538E-26
    9.320815      2.0396994E-25
    9.414023      1.3400516E-25
    9.508164      3.3323147E-25
    9.603245      3.8501658E-25
    9.699278      1.7611487E-25
    9.796270      3.0878401E-25
    9.894233      4.1778172E-27
    9.993175      6.2037360E-25
   10.093107      1.1395487E-29
   10.194038      3.2293633E-29
   10.295979      2.3420044E-23
   10.398938      1.9221188E-25
   10.502928      4.7191152E-25
   10.607957      1.4129755E-26
   10.714037      1.0500194E-23
   10.821177      8.1295820E-26
   10.929389      3.1104507E-27
   11.038683      2.3910793E-27
   11.149070      2.8908404E-25
   11.260560      1.4259546E-27
   11.373166      2.9328524E-29
   11.486898      2.0974961E-25
   11.601766      1.8750783E-29
   11.717784      1.9435471E-25
   11.834962      8.6297064E-28
   11.953312      1.3690479E-25
   12.072845      5.0813784E-26
   12.193573      6.8284326E-26
   12.315509      2.4596969E-26
   12.438664      5.3094219E-27
   12.563051      1.1750613E-26
   12.688681      4.7097842E-27
   12.815568      7.6839543E-27
   12.943724      5.7619226E-27
   13.073161      2.0069375E-27
   13.203892      1.5896146E-27
   13.335931      1.8368567E-27
   13.469291      2.9210569E-28
   13.603984      2.1938212E-28
   13.740023      8.4693771E-28
   13.877424      1.8555334E-28
   14.016198      6.7289881E-28
   14.156360      5.2624031E-29
   14.297924      1.6241853E-29
   14.440903      4.0007763E-28
   14.585312      1.3285169E-29
   14.731165      3.5377340E-29
   14.878477      2.2456461E-28
   15.027261      2.1298243E-29
   15.177534      2.0414326E-29
   15.329309      2.8590179E-28
   15.482602      1.8870435E-29
   15.637428      9.5818373E-29
   15.793803      3.1824944E-27
   15.951741      2.0004370E-28
   16.111258      4.2292285E-30
   16.272371      7.3852275E-30
   16.435094      2.8117417E-30
   16.599445      1.3661202E-30
   16.765440      4.9160398E-30
   16.933094      3.6423629E-29
   17.102425      2.6384989E-30
   17.273449      1.3780398E-30
   17.446184      2.0323752E-29
   17.620646      6.4500694E-30
   17.796852      2.9288661E-31
   17.974821      1.7659052E-28
   18.154569      1.2852105E-28
   18.336115      3.7997011E-30
   18.519476      4.3104848E-29
   18.704670      6.6584080E-31
   18.891717      9.6701986E-30
   19.080634      7.4009866E-30
   19.271441      3.6086779E-31
   19.464155      2.4102067E-30
   19.658797      5.8155728E-30
   19.855385      4.0312405E-30
   20.053938      5.1032668E-30
   20.254478      4.5150347E-30
   20.457023      7.3194511E-29
   20.661593      1.9448884E-31
   20.868209      8.9893500E-32
   21.076891      2.4123083E-29
   21.287660      4.0374267E-31
   21.500536      1.0130292E-31
   21.715542      1.7693148E-28
   21.932697      2.0257144E-30
   22.152024      8.1419091E-32
   22.373544      8.7576168E-29
   22.597280      1.3208938E-31
   22.823253      4.0118100E-31
   23.051485      8.0578846E-29
   23.282000      2.7440333E-29
   23.514820      2.6116378E-30
   23.749968      2.7400612E-28
   23.987468      4.3819528E-32
   24.227343      1.9080486E-32
   24.469616      2.0715157E-31
   24.714312      7.1207708E-30
   24.961455      3.3171966E-28
   25.211070      1.1517489E-29
   25.463180      8.4622805E-32
   25.717812      6.8791668E-28
   25.974990      1.6923637E-30
   26.234740      5.2632006E-30
   26.497088      8.0102431E-29
   26.762059      4.7781871E-28
   27.029679      3.3575748E-31
   27.299976      1.2363709E-30
   27.572976      1.3245019E-29
   27.848705      1.3192657E-30
   28.127193      2.6397245E-28
   28.408464      2.5478678E-28
   28.692549      1.3282968E-28
   28.979475      6.2221138E-30
   29.269269      4.9117752E-31
   29.561962      3.7753624E-27
   29.857582      5.9137262E-31
