# Pressure:     1.000E+01 Ba
# Temperature:     75.000 K
#  lambda [mu]   kappa [cm^2/mol]
    0.500000      1.3657654E-31
    0.505000      1.3108217E-31
    0.510050      1.2581204E-31
    0.515150      1.2075680E-31
    0.520302      1.1590751E-31
    0.525505      1.1454665E-31
    0.530760      1.1673369E-31
    0.536068      1.0251162E-31
    0.541428      9.8404153E-32
    0.546843      9.4463342E-32
    0.552311      9.0682305E-32
    0.557834      8.7054450E-32
    0.563413      8.3573462E-32
    0.569047      8.0233292E-32
    0.574737      7.7028148E-32
    0.580484      7.3952482E-32
    0.586289      7.1000977E-32
    0.592152      6.8168542E-32
    0.598074      6.5450298E-32
    0.604054      6.6537546E-32
    0.610095      6.0337881E-32
    0.616196      5.7934938E-32
    0.622358      5.5628628E-32
    0.628582      5.3415010E-32
    0.634867      7.2389580E-32
    0.641216      3.6950859E-31
    0.647628      4.7293315E-32
    0.654104      9.2966323E-32
    0.660645      4.3610455E-32
    0.667252      4.1878933E-32
    0.673924      4.0216735E-32
    0.680664      3.8621051E-32
    0.687470      3.7089187E-32
    0.694345      3.5618562E-32
    0.701288      3.4206699E-32
    0.708301      3.2851223E-32
    0.715384      3.1549859E-32
    0.722538      3.0300421E-32
    0.729764      5.0036725E-32
    0.737061      2.7949036E-32
    0.744432      2.6843155E-32
    0.751876      2.5781325E-32
    0.759395      2.4761775E-32
    0.766989      2.3782804E-32
    0.774659      2.2842782E-32
    0.782405      2.1940146E-32
    0.790229      2.1073394E-32
    0.798132      3.5186630E-32
    0.806113      5.2685286E-32
    0.814174      5.2902312E-32
    0.822316      5.2838547E-30
    0.830539      6.3159264E-29
    0.838844      3.1592802E-28
    0.847233      2.3497676E-28
    0.855705      3.5224109E-28
    0.864262      3.9051820E-28
    0.872905      8.0437873E-28
    0.881634      1.1596263E-27
    0.890450      1.7111462E-26
    0.899355      5.5729555E-27
    0.908348      1.7593890E-28
    0.917432      1.4678858E-28
    0.926606      6.4860411E-28
    0.935872      1.8832906E-28
    0.945231      7.8592171E-29
    0.954683      1.4819748E-28
    0.964230      6.5397984E-28
    0.973872      7.7535854E-28
    0.983611      4.7376937E-27
    0.993447      4.1481211E-27
    1.003382      3.4972556E-27
    1.013416      6.5029210E-27
    1.023550      2.0367662E-26
    1.033785      6.4165613E-27
    1.044123      5.2832460E-28
    1.054564      5.3938046E-28
    1.065110      6.0363680E-28
    1.075761      1.3743919E-27
    1.086519      5.2798618E-28
    1.097384      7.4968387E-28
    1.108358      4.8301904E-28
    1.119441      8.8496259E-27
    1.130636      1.5136674E-26
    1.141942      2.5452857E-27
    1.153361      1.4662496E-26
    1.164895      1.0025257E-25
    1.176544      1.4629935E-26
    1.188309      6.1800823E-27
    1.200192      1.9891015E-26
    1.212194      2.3567033E-26
    1.224316      5.3752154E-27
    1.236560      5.6220888E-28
    1.248925      7.6469084E-28
    1.261414      3.8401730E-27
    1.274028      1.2357892E-27
    1.286769      1.0051213E-26
    1.299636      1.7753700E-26
    1.312633      1.4593982E-26
    1.325759      2.3457259E-26
    1.339017      1.3618535E-26
    1.352407      4.7100791E-26
    1.365931      2.9315193E-26
    1.379590      2.9994637E-26
    1.393386      7.9494029E-26
    1.407320      2.6767246E-26
    1.421393      5.9676527E-27
    1.435607      9.5722638E-27
    1.449963      2.4080105E-26
    1.464463      2.5332821E-26
    1.479108      7.8124942E-26
    1.493899      2.4137581E-25
    1.508838      2.3957415E-25
    1.523926      6.2969910E-26
    1.539165      5.1672883E-27
    1.554557      5.7751640E-27
    1.570102      3.9189463E-27
    1.585803      1.0861347E-27
    1.601662      3.0174158E-28
    1.617678      1.9863750E-27
    1.633855      6.4841847E-26
    1.650193      2.8088932E-25
    1.666695      1.1216354E-25
    1.683362      2.7474907E-26
    1.700196      2.1657122E-25
    1.717198      1.6488824E-25
    1.734370      1.6959086E-26
    1.751714      1.7477095E-26
    1.769231      1.0790388E-25
    1.786923      9.2829033E-26
    1.804792      1.4832304E-26
    1.822840      4.0690223E-27
    1.841069      1.0792059E-26
    1.859479      2.0847253E-27
    1.878074      7.8615653E-28
    1.896855      1.0093203E-27
    1.915823      7.2982216E-27
    1.934982      6.4608623E-26
    1.954331      6.9168916E-25
    1.973875      6.2089198E-25
    1.993613      1.9201420E-25
    2.013550      2.2630500E-26
    2.033685      1.0252927E-26
    2.054022      1.7947020E-27
    2.074562      7.5762665E-28
    2.095308      1.6910845E-28
    2.116261      7.3106254E-28
    2.137423      7.3777534E-28
    2.158798      6.4124379E-26
    2.180386      1.5801442E-25
    2.202190      2.3165159E-25
    2.224211      7.7106586E-25
    2.246454      7.9414383E-25
    2.268918      1.6639075E-24
    2.291607      2.3963737E-24
    2.314523      1.1310406E-24
    2.337669      8.6740479E-25
    2.361045      2.0642019E-24
    2.384656      1.5122677E-25
    2.408502      1.0659704E-25
    2.432587      2.5888554E-26
    2.456913      1.5340623E-26
    2.481482      2.3209518E-26
    2.506297      4.8555346E-26
    2.531360      3.0637598E-26
    2.556674      1.7832852E-25
    2.582240      9.9484369E-26
    2.608063      2.6284346E-27
    2.634143      4.1107365E-28
    2.660485      9.9519438E-29
    2.687090      1.1450633E-29
    2.713961      1.0490368E-29
    2.741100      5.6558082E-29
    2.768511      4.2270761E-28
    2.796196      5.2983278E-27
    2.824158      9.3836651E-26
    2.852400      4.8662786E-25
    2.880924      4.8035371E-25
    2.909733      7.8345333E-25
    2.938830      9.8368564E-25
    2.968219      2.6789425E-25
    2.997901      1.9620626E-25
    3.027880      3.4296509E-25
    3.058159      2.6409647E-25
    3.088740      2.3318659E-25
    3.119628      5.5885466E-26
    3.150824      2.6806696E-26
    3.182332      2.1675598E-25
    3.214156      5.6740892E-24
    3.246297      4.4868679E-23
    3.278760      2.9423824E-23
    3.311548      9.4944329E-24
    3.344663      1.5962259E-23
    3.378110      1.4652267E-24
    3.411891      4.8805934E-25
    3.446010      9.2183990E-25
    3.480470      1.2733543E-24
    3.515275      1.7031281E-24
    3.550427      5.8626242E-25
    3.585932      3.3752900E-25
    3.621791      8.8003335E-26
    3.658009      4.0301543E-26
    3.694589      1.5324756E-25
    3.731535      1.3293779E-25
    3.768850      1.5299170E-25
    3.806539      1.6876065E-25
    3.844604      8.6366989E-26
    3.883050      6.6577001E-26
    3.921881      4.6172347E-26
    3.961099      2.0369628E-26
    4.000710      1.2467343E-26
    4.040718      8.7559740E-27
    4.081125      2.0510357E-26
    4.121936      5.8422568E-27
    4.163155      6.0373868E-28
    4.204787      1.4353389E-27
    4.246835      7.6267318E-27
    4.289303      1.8607222E-27
    4.332196      1.7784314E-27
    4.375518      3.4846599E-28
    4.419273      9.0354688E-29
    4.463466      1.0470929E-29
    4.508101      2.1441015E-30
    4.553182      2.4205567E-31
    4.598714      2.9198982E-32
    4.644701      5.6903005E-33
    4.691148      5.6564558E-33
    4.738059      1.6048386E-32
    4.785440      7.8247473E-32
    4.833294      2.4094425E-31
    4.881627      8.1356309E-31
    4.930443      6.9038853E-30
    4.979748      7.7379134E-30
    5.029545      3.4725026E-30
    5.079841      5.7373302E-29
    5.130639      2.4902659E-28
    5.181946      1.4919644E-27
    5.233765      1.4234514E-29
    5.286103      9.4020822E-27
    5.338964      2.7616138E-27
    5.392353      1.4902313E-27
    5.446277      1.0673984E-27
    5.500740      6.6068969E-28
    5.555747      6.0820006E-27
    5.611304      1.4017039E-26
    5.667418      5.4059591E-26
    5.724092      3.3870688E-25
    5.781333      6.3316742E-25
    5.839146      1.1218408E-24
    5.897537      4.2190184E-24
    5.956513      2.5644070E-24
    6.016078      7.2227991E-25
    6.076239      2.4893578E-24
    6.137001      8.6959783E-24
    6.198371      1.0199205E-24
    6.260355      1.6042768E-24
    6.322958      1.2954837E-24
    6.386188      1.2123447E-24
    6.450050      4.5336032E-25
    6.514550      1.1342740E-25
    6.579696      6.2599453E-26
    6.645493      4.0760932E-26
    6.711948      3.1410535E-26
    6.779067      1.5478656E-26
    6.846858      6.6391037E-27
    6.915326      1.7300332E-27
    6.984480      2.5949885E-27
    7.054324      3.6374974E-27
    7.124868      6.9807521E-27
    7.196116      2.2630570E-26
    7.268078      2.9302865E-26
    7.340758      6.0652416E-25
    7.414166      1.2469045E-23
    7.488308      3.7694910E-23
    7.563191      3.0418821E-23
    7.638823      6.9200372E-23
    7.715211      1.9470700E-23
    7.792363      5.9984962E-24
    7.870286      1.5564976E-24
    7.948989      2.1326924E-25
    8.028479      2.6302163E-26
    8.108764      7.3686764E-27
    8.189852      2.4612158E-27
    8.271750      9.8225537E-28
    8.354468      1.9319009E-28
    8.438012      4.8022275E-28
    8.522393      1.2985894E-28
    8.607616      5.9054411E-28
    8.693693      1.6343766E-26
    8.780630      1.7219041E-27
    8.868436      1.0912961E-25
    8.957120      1.6421310E-26
    9.046691      4.3717938E-26
    9.137158      2.1516277E-24
    9.228530      3.1324940E-25
    9.320815      6.4046718E-24
    9.414023      1.2815650E-24
    9.508164      2.1906908E-23
    9.603245      8.0407528E-24
    9.699278      1.5567204E-23
    9.796270      1.5526945E-23
    9.894233      7.5976623E-24
    9.993175      3.7503988E-23
   10.093107      3.0539818E-25
   10.194038      3.1179332E-25
   10.295979      6.6626709E-23
   10.398938      4.4928469E-25
   10.502928      3.3131080E-23
   10.607957      3.6790200E-25
   10.714037      7.6828857E-23
   10.821177      2.8379553E-25
   10.929389      7.7189394E-25
   11.038683      1.9699701E-25
   11.149070      1.9133323E-23
   11.260560      6.4400546E-25
   11.373166      2.6111894E-25
   11.486898      1.5452770E-24
   11.601766      6.2304000E-26
   11.717784      2.7666848E-24
   11.834962      1.7528807E-26
   11.953312      1.0494187E-24
   12.072845      6.5524817E-26
   12.193573      1.9539161E-25
   12.315509      6.0586038E-26
   12.438664      4.3975932E-27
   12.563051      1.9134481E-26
   12.688681      2.2764085E-27
   12.815568      3.3792528E-27
   12.943724      4.8091993E-27
   13.073161      4.0266992E-28
   13.203892      5.2006248E-28
   13.335931      3.6317548E-28
   13.469291      3.7722354E-29
   13.603984      3.4031717E-29
   13.740023      9.9247704E-29
   13.877424      4.7881542E-30
   14.016198      1.9922661E-29
   14.156360      1.6744038E-30
   14.297924      1.9172723E-30
   14.440903      1.5594694E-29
   14.585312      7.8492535E-31
   14.731165      1.2669723E-30
   14.878477      1.0126010E-29
   15.027261      4.6737796E-31
   15.177534      1.3298852E-30
   15.329309      1.8475370E-29
   15.482602      5.4762105E-31
   15.637428      1.8491338E-30
   15.793803      7.9353599E-29
   15.951741      1.2920500E-29
   16.111258      1.0325610E-30
   16.272371      1.2589290E-30
   16.435094      1.8965441E-30
   16.599445      5.8112424E-30
   16.765440      1.6081861E-29
   16.933094      2.5796674E-28
   17.102425      3.1591238E-29
   17.273449      6.7392423E-30
   17.446184      1.1786608E-29
   17.620646      1.5357512E-30
   17.796852      1.0911525E-30
   17.974821      1.0381335E-29
   18.154569      4.5541473E-30
   18.336115      3.1415865E-31
   18.519476      1.0541350E-30
   18.704670      2.0262305E-30
   18.891717      3.6867190E-31
   19.080634      8.0397027E-31
   19.271441      4.8587808E-31
   19.464155      3.8329552E-31
   19.658797      3.0348226E-31
   19.855385      1.6574484E-31
   20.053938      1.1367111E-31
   20.254478      1.7323034E-31
   20.457023      4.0860469E-31
   20.661593      1.5605973E-31
   20.868209      1.2143432E-31
   21.076891      1.3317763E-31
   21.287660      1.7356449E-31
   21.500536      1.9754167E-31
   21.715542      1.7357024E-31
   21.932697      1.6311290E-31
   22.152024      8.6407881E-32
   22.373544      5.0809543E-32
   22.597280      8.7091624E-32
   22.823253      1.9080703E-31
   23.051485      1.5424491E-31
   23.282000      7.9405017E-32
   23.514820      8.3490239E-32
   23.749968      1.0998317E-31
   23.987468      1.1349579E-31
   24.227343      1.7352308E-31
   24.469616      9.4082069E-32
   24.714312      1.0636350E-31
   24.961455      1.8195838E-31
   25.211070      3.7262014E-31
   25.463180      2.9981510E-31
   25.717812      2.9477936E-31
   25.974990      3.6701842E-31
   26.234740      7.8101283E-31
   26.497088      5.1996741E-31
   26.762059      1.0437338E-30
   27.029679      1.7480220E-30
   27.299976      2.5811480E-30
   27.572976      7.9484494E-30
   27.848705      3.1947560E-29
   28.127193      1.1424962E-28
   28.408464      1.5502814E-29
   28.692549      4.7649869E-30
   28.979475      1.9140958E-30
   29.269269      1.3697642E-30
   29.561962      9.1169088E-31
   29.857582      6.8396661E-31
