# Pressure:     1.000E-03 Ba
# Temperature:    180.000 K
#  lambda [mu]   kappa [cm^2/mol]
    0.500000      2.4202155E-30
    0.505000      1.9673090E-30
    0.510050      1.7481347E-31
    0.515150      1.2140655E-31
    0.520302      1.9514192E-31
    0.525505      2.1211686E-31
    0.530760      1.1231555E-31
    0.536068      3.5463089E-31
    0.541428      1.4216839E-30
    0.546843      2.8134667E-31
    0.552311      9.4007893E-32
    0.557834      1.3843653E-31
    0.563413      4.6585476E-31
    0.569047      1.6965560E-30
    0.574737      6.2887338E-31
    0.580484      3.9328028E-31
    0.586289      1.7913915E-29
    0.592152      1.0390363E-29
    0.598074      6.2471071E-31
    0.604054      8.1648771E-32
    0.610095      6.0733896E-32
    0.616196      5.7942949E-32
    0.622358      8.1973948E-31
    0.628582      1.1616191E-30
    0.634867      6.0999401E-31
    0.641216      2.4663167E-30
    0.647628      7.2044774E-30
    0.654104      2.4612260E-30
    0.660645      2.2451521E-31
    0.667252      4.3195474E-32
    0.673924      5.7066734E-32
    0.680664      5.0824128E-31
    0.687470      8.2753714E-30
    0.694345      1.8093210E-29
    0.701288      8.7181324E-30
    0.708301      6.3261031E-30
    0.715384      1.2591200E-28
    0.722538      1.0565405E-28
    0.729764      1.2795928E-29
    0.737061      1.5830822E-30
    0.744432      1.5121538E-31
    0.751876      7.2273180E-32
    0.759395      2.7187996E-32
    0.766989      2.4510522E-32
    0.774659      5.0784001E-32
    0.782405      4.6623448E-30
    0.790229      6.0523075E-30
    0.798132      9.3304531E-30
    0.806113      2.1792026E-29
    0.814174      6.1534566E-29
    0.822316      5.5382080E-29
    0.830539      1.1022572E-28
    0.838844      3.0751079E-28
    0.847233      2.7276396E-28
    0.855705      3.4991539E-28
    0.864262      4.8197934E-28
    0.872905      8.5114774E-28
    0.881634      1.2672442E-27
    0.890450      1.6649599E-26
    0.899355      8.6597354E-27
    0.908348      5.3581973E-28
    0.917432      3.2925234E-28
    0.926606      2.1550421E-27
    0.935872      1.3539924E-27
    0.945231      9.8283381E-28
    0.954683      5.5071888E-28
    0.964230      7.4032623E-28
    0.973872      1.3812454E-27
    0.983611      4.7444368E-27
    0.993447      4.8592976E-27
    1.003382      4.2454887E-27
    1.013416      9.1809741E-27
    1.023550      1.6734225E-26
    1.033785      8.5590362E-27
    1.044123      1.7699550E-27
    1.054564      6.1357361E-28
    1.065110      1.0301980E-27
    1.075761      1.3096637E-27
    1.086519      8.3815692E-28
    1.097384      7.5242607E-28
    1.108358      1.7751202E-27
    1.119441      1.5913870E-26
    1.130636      1.6940051E-26
    1.141942      5.8418115E-27
    1.153361      4.4436498E-26
    1.164895      8.6944437E-26
    1.176544      3.1181822E-26
    1.188309      1.1439683E-26
    1.200192      2.0439637E-26
    1.212194      2.2498765E-26
    1.224316      9.1059846E-27
    1.236560      1.1724710E-27
    1.248925      2.1766225E-27
    1.261414      2.0118635E-27
    1.274028      2.3096810E-27
    1.286769      1.1333845E-26
    1.299636      1.4922560E-26
    1.312633      1.7754806E-26
    1.325759      2.2695957E-26
    1.339017      2.3747520E-26
    1.352407      7.5668662E-26
    1.365931      6.1424131E-26
    1.379590      7.6880634E-26
    1.393386      8.3845289E-26
    1.407320      4.1640755E-26
    1.421393      1.5883236E-26
    1.435607      2.0411940E-26
    1.449963      1.5206758E-26
    1.464463      4.0627105E-26
    1.479108      1.0142455E-25
    1.493899      2.2582794E-25
    1.508838      2.2678001E-25
    1.523926      8.3440998E-26
    1.539165      2.8478741E-26
    1.554557      7.2262309E-27
    1.570102      4.2862953E-27
    1.585803      2.1762422E-27
    1.601662      1.3795319E-27
    1.617678      1.3210162E-26
    1.633855      1.0997968E-25
    1.650193      1.0970607E-25
    1.666695      7.0654580E-26
    1.683362      8.5788491E-26
    1.700196      1.8974572E-25
    1.717198      1.4632060E-25
    1.734370      5.8227932E-26
    1.751714      2.7722311E-26
    1.769231      8.8328675E-26
    1.786923      1.0174339E-25
    1.804792      3.7919586E-26
    1.822840      3.6954933E-26
    1.841069      5.1690673E-26
    1.859479      5.3003462E-26
    1.878074      1.5427009E-26
    1.896855      2.6834824E-26
    1.915823      4.1260910E-26
    1.934982      1.8727306E-25
    1.954331      3.2305800E-25
    1.973875      3.0694412E-25
    1.993613      2.1468220E-25
    2.013550      8.4627030E-26
    2.033685      1.8540893E-26
    2.054022      6.2347668E-27
    2.074562      1.4494064E-27
    2.095308      2.9198638E-28
    2.116261      1.1105782E-27
    2.137423      8.7577827E-27
    2.158798      9.4862214E-26
    2.180386      8.1413029E-26
    2.202190      2.2229209E-25
    2.224211      5.4711849E-25
    2.246454      9.7405741E-25
    2.268918      1.4335559E-24
    2.291607      1.8156867E-24
    2.314523      1.1532287E-24
    2.337669      1.5365375E-24
    2.361045      1.5981680E-24
    2.384656      3.8327627E-25
    2.408502      1.6538170E-25
    2.432587      7.4182551E-26
    2.456913      3.7549911E-26
    2.481482      3.1165856E-26
    2.506297      3.5851179E-26
    2.531360      4.4643319E-26
    2.556674      2.9182700E-25
    2.582240      4.8292643E-25
    2.608063      3.6995537E-25
    2.634143      1.5444401E-25
    2.660485      3.5678717E-25
    2.687090      1.9029456E-25
    2.713961      1.2012766E-25
    2.741100      1.1854637E-25
    2.768511      3.6902629E-26
    2.796196      5.3673521E-26
    2.824158      1.8175908E-25
    2.852400      2.6780483E-25
    2.880924      3.8737298E-25
    2.909733      4.3757520E-25
    2.938830      4.8223169E-25
    2.968219      2.4449236E-25
    2.997901      2.8082780E-25
    3.027880      2.5744857E-25
    3.058159      1.5889054E-25
    3.088740      2.7234257E-25
    3.119628      1.3015248E-25
    3.150824      3.0024227E-25
    3.182332      2.5180441E-24
    3.214156      3.4579156E-24
    3.246297      4.4544247E-24
    3.278760      4.3668924E-24
    3.311548      2.3953284E-24
    3.344663      3.3631754E-24
    3.378110      3.4734238E-24
    3.411891      1.3706674E-24
    3.446010      7.4756818E-25
    3.480470      4.0619072E-25
    3.515275      8.1348448E-25
    3.550427      6.7323776E-25
    3.585932      2.8560180E-25
    3.621791      1.7815798E-25
    3.658009      8.8900794E-26
    3.694589      1.7953793E-25
    3.731535      9.7689320E-26
    3.768850      8.8754619E-26
    3.806539      2.8834392E-26
    3.844604      1.0509778E-25
    3.883050      5.8655199E-26
    3.921881      5.0245164E-26
    3.961099      3.0660127E-26
    4.000710      1.7832980E-26
    4.040718      1.3697719E-26
    4.081125      7.0218886E-27
    4.121936      2.8326298E-27
    4.163155      8.1152572E-28
    4.204787      3.1915175E-27
    4.246835      1.3970401E-27
    4.289303      7.9053093E-28
    4.332196      7.5297183E-28
    4.375518      3.9821647E-28
    4.419273      4.8707711E-28
    4.463466      1.8428997E-28
    4.508101      1.1756587E-28
    4.553182      4.6486537E-29
    4.598714      2.0355357E-29
    4.644701      3.8864676E-29
    4.691148      3.9436559E-29
    4.738059      2.6875274E-29
    4.785440      5.5113162E-29
    4.833294      6.5675365E-29
    4.881627      1.3356207E-28
    4.930443      4.6001404E-28
    4.979748      1.2545529E-27
    5.029545      6.8832805E-29
    5.079841      4.5280018E-28
    5.130639      3.0132118E-27
    5.181946      9.1730165E-27
    5.233765      2.7144519E-27
    5.286103      5.8386922E-27
    5.338964      8.2748617E-27
    5.392353      7.0493656E-26
    5.446277      2.5164826E-26
    5.500740      4.5424417E-26
    5.555747      1.2425983E-25
    5.611304      2.3101461E-25
    5.667418      2.4654723E-25
    5.724092      7.1989219E-25
    5.781333      5.3071869E-25
    5.839146      9.8528003E-25
    5.897537      9.2283482E-25
    5.956513      7.4903300E-25
    6.016078      1.3820301E-24
    6.076239      7.8706285E-25
    6.137001      3.6623634E-24
    6.198371      4.6543411E-25
    6.260355      4.3867835E-25
    6.322958      4.8248950E-25
    6.386188      1.0079670E-24
    6.450050      1.3505277E-24
    6.514550      5.3946297E-25
    6.579696      7.2153952E-25
    6.645493      2.7574432E-25
    6.711948      1.4231555E-25
    6.779067      1.7656291E-25
    6.846858      1.0547870E-25
    6.915326      1.1949792E-25
    6.984480      1.1424603E-25
    7.054324      3.1375934E-26
    7.124868      5.1947404E-26
    7.196116      9.3053240E-26
    7.268078      2.4709463E-25
    7.340758      1.7061884E-24
    7.414166      4.4135496E-24
    7.488308      3.1417480E-24
    7.563191      1.2071393E-24
    7.638823      4.7900518E-23
    7.715211      2.2771721E-24
    7.792363      1.2815000E-24
    7.870286      1.4620707E-24
    7.948989      7.6335030E-25
    8.028479      3.3547309E-25
    8.108764      1.1408326E-25
    8.189852      5.9277411E-26
    8.271750      2.2148710E-26
    8.354468      1.3185351E-26
    8.438012      4.7394037E-26
    8.522393      5.9220503E-27
    8.607616      3.6527598E-26
    8.693693      1.7093765E-25
    8.780630      5.4372073E-26
    8.868436      4.2842299E-25
    8.957120      9.2675325E-26
    9.046691      2.3309289E-25
    9.137158      9.4256989E-25
    9.228530      5.2315181E-25
    9.320815      9.5516757E-25
    9.414023      7.8847914E-25
    9.508164      1.4831511E-24
    9.603245      1.9702354E-24
    9.699278      7.7839999E-25
    9.796270      1.4145526E-24
    9.894233      2.1887830E-26
    9.993175      2.6254293E-24
   10.093107      1.0423279E-28
   10.194038      3.5796083E-28
   10.295979      3.1735960E-23
   10.398938      6.1122049E-25
   10.502928      1.7193364E-24
   10.607957      1.0022298E-25
   10.714037      2.2177046E-23
   10.821177      5.3732143E-25
   10.929389      4.4486963E-26
   11.038683      1.2778864E-26
   11.149070      1.2669903E-24
   11.260560      1.0716207E-26
   11.373166      8.1094942E-28
   11.486898      1.2661776E-24
   11.601766      8.4929182E-28
   11.717784      1.0838754E-24
   11.834962      7.0250932E-27
   11.953312      7.6174506E-25
   12.072845      3.8890108E-25
   12.193573      4.9333587E-25
   12.315509      2.1294890E-25
   12.438664      4.8316499E-26
   12.563051      9.4369283E-26
   12.688681      6.0226207E-26
   12.815568      9.2552151E-26
   12.943724      6.3875368E-26
   13.073161      3.3934304E-26
   13.203892      2.7264579E-26
   13.335931      2.5788062E-26
   13.469291      9.7278082E-27
   13.603984      7.0574371E-27
   13.740023      1.4665353E-26
   13.877424      4.4673348E-27
   14.016198      1.5764582E-26
   14.156360      2.2860565E-27
   14.297924      1.0289867E-27
   14.440903      8.5637108E-27
   14.585312      9.2935612E-28
   14.731165      1.3005453E-27
   14.878477      4.8006794E-27
   15.027261      1.4129182E-27
   15.177534      1.0040296E-27
   15.329309      5.6806108E-27
   15.482602      2.0500128E-27
   15.637428      4.5912202E-27
   15.793803      5.8840232E-26
   15.951741      1.2706610E-26
   16.111258      3.3482008E-27
   16.272371      9.4976571E-28
   16.435094      5.0567816E-28
   16.599445      4.1529307E-28
   16.765440      2.3447237E-27
   16.933094      4.0084264E-28
   17.102425      1.0412151E-27
   17.273449      1.4207151E-27
   17.446184      6.3234168E-27
   17.620646      9.8409095E-28
   17.796852      2.9305735E-28
   17.974821      6.9415817E-27
   18.154569      5.8564518E-27
   18.336115      5.7846543E-28
   18.519476      2.8357549E-27
   18.704670      2.0524477E-27
   18.891717      4.9183248E-27
   19.080634      5.0396148E-27
   19.271441      1.3976584E-27
   19.464155      1.1701848E-27
   19.658797      1.4462964E-27
   19.855385      2.3192555E-27
   20.053938      9.5631071E-28
   20.254478      1.3036012E-27
   20.457023      1.5328978E-26
   20.661593      3.1360427E-28
   20.868209      1.9258651E-28
   21.076891      6.7560977E-27
   21.287660      3.2684910E-28
   21.500536      7.4618265E-28
   21.715542      5.1381083E-26
   21.932697      2.2427246E-27
   22.152024      1.1591307E-27
   22.373544      1.8477774E-26
   22.597280      2.3882366E-28
   22.823253      4.7341603E-28
   23.051485      1.2103914E-26
   23.282000      5.8352404E-27
   23.514820      4.9728282E-27
   23.749968      7.8211451E-26
   23.987468      1.0410236E-28
   24.227343      1.7454836E-28
   24.469616      4.6497245E-28
   24.714312      6.7829771E-27
   24.961455      9.2277241E-26
   25.211070      1.7795789E-26
   25.463180      1.0538249E-28
   25.717812      1.0717831E-25
   25.974990      5.2658112E-28
   26.234740      1.6882627E-27
   26.497088      6.8314027E-26
   26.762059      9.5549261E-26
   27.029679      2.2870314E-28
   27.299976      7.7848180E-28
   27.572976      1.2385127E-26
   27.848705      8.4008024E-28
   28.127193      1.5030971E-25
   28.408464      1.5193131E-25
   28.692549      1.6485602E-26
   28.979475      2.0350969E-27
   29.269269      5.9137334E-28
   29.561962      5.7999681E-25
   29.857582      1.9390751E-27
