# Pressure:     1.000E-02 Ba
# Temperature:    250.000 K
#  lambda [mu]   kappa [cm^2/mol]
    0.500000      4.4958799E-29
    0.505000      3.4678571E-29
    0.510050      3.1911546E-30
    0.515150      2.0471927E-31
    0.520302      2.4392460E-30
    0.525505      2.6734201E-30
    0.530760      6.5639360E-31
    0.536068      6.9288550E-30
    0.541428      2.4757523E-29
    0.546843      5.0392259E-30
    0.552311      2.4657441E-31
    0.557834      1.2579934E-30
    0.563413      1.0055844E-29
    0.569047      3.1702467E-29
    0.574737      1.3795587E-29
    0.580484      9.2933831E-30
    0.586289      3.2137154E-28
    0.592152      2.1605310E-28
    0.598074      2.2285029E-29
    0.604054      8.3342381E-31
    0.610095      9.8737861E-32
    0.616196      8.4283322E-32
    0.622358      1.6718257E-29
    0.628582      2.1128559E-29
    0.634867      1.6265297E-29
    0.641216      6.4882296E-29
    0.647628      1.4580421E-28
    0.654104      7.1154792E-29
    0.660645      6.5167317E-30
    0.667252      3.3486387E-31
    0.673924      1.1167874E-30
    0.680664      9.9678031E-30
    0.687470      2.2500038E-28
    0.694345      3.5159476E-28
    0.701288      2.1128334E-28
    0.708301      1.5504119E-28
    0.715384      2.5255227E-27
    0.722538      2.1221792E-27
    0.729764      3.2171702E-28
    0.737061      5.9912098E-29
    0.744432      4.0111998E-30
    0.751876      1.3267088E-30
    0.759395      1.9151603E-31
    0.766989      2.0108585E-31
    0.774659      1.6602840E-30
    0.782405      1.3216756E-28
    0.790229      1.5293078E-28
    0.798132      2.2110764E-28
    0.806113      7.3113542E-28
    0.814174      1.3350730E-27
    0.822316      1.2650008E-27
    0.830539      4.7938029E-28
    0.838844      3.5987869E-28
    0.847233      3.2569252E-28
    0.855705      3.4502389E-28
    0.864262      5.0203031E-28
    0.872905      8.5343806E-28
    0.881634      1.3670356E-27
    0.890450      1.6887140E-26
    0.899355      1.0249707E-26
    0.908348      4.7972098E-27
    0.917432      1.7409246E-27
    0.926606      4.3501844E-26
    0.935872      2.3912967E-26
    0.945231      2.3176103E-26
    0.954683      1.2012957E-26
    0.964230      3.8524192E-27
    0.973872      3.6912602E-27
    0.983611      4.5412420E-27
    0.993447      4.7210802E-27
    1.003382      4.3895004E-27
    1.013416      9.7152940E-27
    1.023550      1.4758689E-26
    1.033785      8.6592198E-27
    1.044123      2.6017993E-27
    1.054564      7.0865299E-28
    1.065110      1.1322000E-27
    1.075761      1.3807792E-27
    1.086519      1.4855753E-27
    1.097384      2.5306996E-27
    1.108358      1.7630744E-26
    1.119441      6.8634865E-26
    1.130636      7.4310297E-26
    1.141942      4.0196135E-26
    1.153361      6.0325065E-26
    1.164895      8.1822468E-26
    1.176544      3.6931945E-26
    1.188309      1.4615440E-26
    1.200192      1.9394129E-26
    1.212194      2.1064874E-26
    1.224316      9.5712015E-27
    1.236560      1.8948681E-27
    1.248925      2.8428374E-27
    1.261414      1.8802415E-27
    1.274028      3.3933788E-27
    1.286769      1.1840565E-26
    1.299636      1.6211200E-26
    1.312633      2.2378967E-26
    1.325759      3.9103596E-26
    1.339017      8.9237526E-26
    1.352407      8.3095262E-25
    1.365931      6.3145058E-25
    1.379590      7.8418733E-25
    1.393386      6.0699165E-25
    1.407320      2.0799017E-25
    1.421393      1.2315052E-25
    1.435607      1.1507716E-25
    1.449963      5.1087204E-26
    1.464463      8.9179678E-26
    1.479108      1.2961918E-25
    1.493899      2.1019553E-25
    1.508838      2.2376439E-25
    1.523926      9.6131819E-26
    1.539165      4.6039551E-26
    1.554557      1.0767629E-26
    1.570102      4.9939965E-27
    1.585803      2.9617651E-27
    1.601662      2.8555216E-27
    1.617678      2.3992694E-26
    1.633855      1.3367943E-25
    1.650193      1.0758658E-25
    1.666695      8.4091200E-26
    1.683362      1.1339007E-25
    1.700196      1.6615456E-25
    1.717198      1.3149596E-25
    1.734370      7.3310031E-26
    1.751714      3.8877188E-26
    1.769231      8.8113170E-26
    1.786923      1.3104213E-25
    1.804792      3.1012465E-25
    1.822840      9.6100257E-25
    1.841069      1.1618549E-24
    1.859479      1.5311060E-24
    1.878074      3.5479203E-25
    1.896855      7.3320726E-25
    1.915823      3.5091043E-25
    1.934982      2.7846268E-25
    1.954331      3.4945192E-25
    1.973875      3.4229841E-25
    1.993613      2.8082893E-25
    2.013550      1.2491517E-25
    2.033685      2.7541544E-26
    2.054022      1.0146425E-26
    2.074562      3.1365984E-27
    2.095308      8.0134771E-28
    2.116261      3.5060951E-27
    2.137423      1.8485457E-26
    2.158798      9.7769255E-26
    2.180386      1.4136182E-25
    2.202190      3.4724209E-25
    2.224211      7.5454310E-25
    2.246454      1.2830469E-24
    2.268918      1.4573851E-24
    2.291607      1.5794766E-24
    2.314523      1.2198721E-24
    2.337669      1.6094910E-24
    2.361045      1.6837396E-24
    2.384656      5.6013522E-25
    2.408502      2.5853889E-25
    2.432587      1.2805882E-25
    2.456913      7.8792780E-26
    2.481482      1.1797882E-25
    2.506297      3.6382770E-25
    2.531360      1.0293276E-24
    2.556674      6.3984694E-24
    2.582240      1.3917274E-23
    2.608063      9.1494233E-24
    2.634143      4.2965183E-24
    2.660485      8.9424138E-24
    2.687090      5.7758305E-24
    2.713961      5.8244646E-24
    2.741100      6.7057513E-24
    2.768511      1.9018680E-24
    2.796196      8.3959713E-25
    2.824158      9.6169459E-25
    2.852400      6.3118109E-25
    2.880924      7.4856431E-25
    2.909733      6.2978953E-25
    2.938830      6.3010809E-25
    2.968219      3.2161794E-25
    2.997901      3.9232499E-25
    3.027880      4.2714434E-25
    3.058159      2.8119894E-25
    3.088740      3.9967221E-25
    3.119628      2.8457643E-25
    3.150824      8.8605898E-25
    3.182332      5.8465019E-24
    3.214156      6.8066182E-24
    3.246297      6.4726326E-24
    3.278760      4.8889885E-24
    3.311548      4.1148068E-24
    3.344663      5.6684609E-24
    3.378110      6.1836485E-24
    3.411891      2.9020534E-24
    3.446010      1.1217765E-24
    3.480470      5.7021449E-25
    3.515275      9.7030434E-25
    3.550427      7.0606163E-25
    3.585932      4.2858884E-25
    3.621791      2.9884416E-25
    3.658009      1.7818678E-25
    3.694589      2.4932378E-25
    3.731535      1.2467094E-25
    3.768850      1.1704578E-25
    3.806539      5.6789863E-26
    3.844604      1.3838295E-25
    3.883050      8.3384129E-26
    3.921881      7.1074006E-26
    3.961099      5.2159608E-26
    4.000710      3.7963908E-26
    4.040718      3.1436197E-26
    4.081125      1.5996305E-26
    4.121936      7.8941949E-27
    4.163155      3.5641647E-27
    4.204787      9.2483050E-27
    4.246835      4.0674586E-27
    4.289303      2.5183509E-27
    4.332196      2.3931609E-27
    4.375518      1.5755494E-27
    4.419273      2.0704985E-27
    4.463466      9.9845403E-28
    4.508101      1.6505074E-27
    4.553182      1.0480049E-27
    4.598714      1.5061450E-27
    4.644701      6.2163361E-27
    4.691148      5.5260026E-27
    4.738059      1.9815405E-27
    4.785440      5.1084887E-27
    4.833294      4.7289524E-27
    4.881627      2.1564360E-26
    4.930443      6.6457725E-26
    4.979748      1.5553241E-25
    5.029545      3.7124244E-27
    5.079841      4.2467377E-26
    5.130639      2.8085909E-25
    5.181946      8.0119935E-25
    5.233765      1.8955189E-25
    5.286103      7.1535383E-26
    5.338964      2.2392240E-25
    5.392353      3.5221450E-24
    5.446277      1.1975123E-24
    5.500740      1.5496489E-24
    5.555747      3.7026935E-24
    5.611304      7.2715986E-24
    5.667418      5.4362063E-24
    5.724092      1.2653324E-23
    5.781333      1.0684525E-23
    5.839146      2.5050865E-23
    5.897537      1.6592191E-23
    5.956513      1.0564117E-23
    6.016078      3.1342454E-23
    6.076239      1.1504899E-23
    6.137001      1.2448805E-23
    6.198371      1.2600625E-24
    6.260355      7.9169333E-25
    6.322958      6.4329571E-24
    6.386188      2.0495648E-23
    6.450050      2.5332774E-23
    6.514550      1.5200119E-23
    6.579696      2.0313825E-23
    6.645493      6.7572884E-24
    6.711948      2.1849629E-24
    6.779067      3.7900976E-24
    6.846858      1.8379157E-24
    6.915326      4.9720536E-24
    6.984480      5.7124404E-24
    7.054324      7.4905572E-25
    7.124868      1.8253702E-24
    7.196116      9.9888301E-25
    7.268078      2.5363389E-24
    7.340758      6.3212120E-24
    7.414166      1.0949502E-23
    7.488308      6.8285624E-24
    7.563191      2.6281302E-24
    7.638823      6.4575399E-23
    7.715211      5.8308921E-24
    7.792363      3.4656809E-24
    7.870286      5.0779657E-24
    7.948989      3.0498286E-24
    8.028479      1.6845059E-24
    8.108764      7.0022201E-25
    8.189852      4.1290020E-25
    8.271750      1.4533730E-25
    8.354468      1.1621999E-25
    8.438012      4.0163098E-25
    8.522393      5.3557366E-26
    8.607616      2.6691280E-25
    8.693693      1.0912431E-24
    8.780630      3.4856566E-25
    8.868436      2.4399121E-24
    8.957120      5.2744227E-25
    9.046691      1.1247290E-24
    9.137158      3.6927419E-24
    9.228530      2.5498397E-24
    9.320815      2.8492661E-24
    9.414023      2.9741815E-24
    9.508164      3.7329470E-24
    9.603245      5.9431875E-24
    9.699278      1.6792093E-24
    9.796270      3.7555526E-24
    9.894233      5.9450742E-26
    9.993175      6.2471231E-24
   10.093107      1.0367224E-27
   10.194038      2.9363943E-27
   10.295979      4.9832320E-23
   10.398938      2.2995032E-24
   10.502928      3.9948034E-24
   10.607957      5.1518628E-25
   10.714037      4.8342034E-23
   10.821177      2.8569221E-24
   10.929389      2.7578531E-25
   11.038683      6.5882528E-26
   11.149070      3.0343567E-24
   11.260560      6.7166455E-26
   11.373166      9.5687813E-27
   11.486898      4.5814053E-24
   11.601766      9.0661038E-27
   11.717784      3.5628000E-24
   11.834962      5.4933548E-26
   11.953312      2.8279239E-24
   12.072845      2.1271525E-24
   12.193573      2.3551413E-24
   12.315509      1.1741490E-24
   12.438664      3.1240146E-25
   12.563051      4.9342032E-25
   12.688681      4.6804086E-25
   12.815568      6.1917302E-25
   12.943724      4.1819620E-25
   13.073161      2.5744581E-25
   13.203892      2.0184077E-25
   13.335931      2.4803999E-25
   13.469291      9.3824773E-26
   13.603984      7.5157683E-26
   13.740023      1.2817883E-25
   13.877424      3.6975170E-26
   14.016198      1.4035589E-25
   14.156360      3.2179264E-26
   14.297924      3.0484738E-26
   14.440903      9.2151900E-26
   14.585312      1.5348730E-26
   14.731165      1.5083430E-26
   14.878477      6.5924601E-26
   15.027261      5.4089439E-26
   15.177534      1.1080810E-26
   15.329309      5.7346320E-26
   15.482602      4.3287653E-26
   15.637428      1.4776971E-25
   15.793803      4.6951733E-25
   15.951741      1.6434126E-25
   16.111258      1.2495576E-25
   16.272371      1.6056724E-26
   16.435094      1.8340324E-26
   16.599445      4.9743453E-26
   16.765440      2.7814203E-25
   16.933094      4.2736906E-26
   17.102425      1.7620490E-25
   17.273449      2.1983877E-25
   17.446184      3.1527184E-25
   17.620646      4.5685726E-26
   17.796852      1.3706211E-26
   17.974821      8.5220574E-26
   18.154569      3.4106349E-25
   18.336115      4.1547709E-26
   18.519476      1.2447786E-25
   18.704670      2.5682913E-26
   18.891717      7.1473789E-25
   19.080634      3.8421325E-25
   19.271441      5.8163535E-26
   19.464155      6.8346144E-26
   19.658797      4.4732419E-26
   19.855385      4.7714726E-26
   20.053938      2.6797829E-26
   20.254478      2.8046955E-26
   20.457023      9.3808474E-25
   20.661593      4.0158285E-26
   20.868209      6.4463521E-26
   21.076891      7.4706125E-25
   21.287660      2.4956016E-26
   21.500536      1.9513905E-25
   21.715542      5.0153246E-24
   21.932697      4.1316871E-25
   22.152024      3.9723473E-25
   22.373544      1.4034762E-24
   22.597280      8.4567017E-27
   22.823253      1.2679815E-25
   23.051485      5.4258302E-25
   23.282000      6.2587138E-25
   23.514820      1.1923497E-24
   23.749968      7.3327342E-24
   23.987468      1.0881230E-26
   24.227343      7.5509112E-27
   24.469616      3.6447743E-26
   24.714312      1.1705776E-24
   24.961455      9.0864971E-24
   25.211070      3.8673705E-24
   25.463180      1.6156175E-26
   25.717812      4.9365085E-24
   25.974990      3.7452727E-26
   26.234740      1.4983413E-25
   26.497088      1.2031620E-23
   26.762059      6.0066908E-24
   27.029679      1.5181689E-26
   27.299976      8.1608697E-26
   27.572976      2.1731354E-24
   27.848705      9.5032668E-26
   28.127193      2.3104606E-23
   28.408464      2.3871962E-23
   28.692549      4.5847708E-25
   28.979475      1.5313220E-25
   29.269269      4.9176199E-26
   29.561962      2.5431529E-23
   29.857582      4.1091548E-26
