# Pressure:     3.000E-02 Ba
# Temperature:     75.000 K
#  lambda [mu]   kappa [cm^2/mol]
    0.500000      1.3657654E-31
    0.505000      1.3108217E-31
    0.510050      1.2581203E-31
    0.515150      1.2075680E-31
    0.520302      1.1590751E-31
    0.525505      1.1485857E-31
    0.530760      1.0784718E-31
    0.536068      1.0251162E-31
    0.541428      9.8404152E-32
    0.546843      9.4463341E-32
    0.552311      9.0682304E-32
    0.557834      8.7054449E-32
    0.563413      8.3573461E-32
    0.569047      8.0233291E-32
    0.574737      7.7028148E-32
    0.580484      7.3952481E-32
    0.586289      7.1000977E-32
    0.592152      6.8168542E-32
    0.598074      6.5450298E-32
    0.604054      6.3027431E-32
    0.610095      6.0337881E-32
    0.616196      5.7934937E-32
    0.622358      5.5628627E-32
    0.628582      5.3415010E-32
    0.634867      5.1290307E-32
    0.641216      1.6291299E-31
    0.647628      4.7293315E-32
    0.654104      6.3171414E-32
    0.660645      4.3610455E-32
    0.667252      4.1878933E-32
    0.673924      4.0216735E-32
    0.680664      3.8621051E-32
    0.687470      3.7089187E-32
    0.694345      3.5618562E-32
    0.701288      3.4206699E-32
    0.708301      3.2851223E-32
    0.715384      3.1549858E-32
    0.722538      3.0300420E-32
    0.729764      3.3728280E-32
    0.737061      2.7949036E-32
    0.744432      2.6843155E-32
    0.751876      2.5781325E-32
    0.759395      2.4761775E-32
    0.766989      2.3782804E-32
    0.774659      2.2842782E-32
    0.782405      2.1940145E-32
    0.790229      2.1073394E-32
    0.798132      2.5128200E-32
    0.806113      1.9441846E-32
    0.814174      1.8674344E-32
    0.822316      1.7840286E-30
    0.830539      7.5350786E-29
    0.838844      3.6997526E-28
    0.847233      2.7266625E-28
    0.855705      4.0231522E-28
    0.864262      4.4276551E-28
    0.872905      9.3892460E-28
    0.881634      1.4205865E-27
    0.890450      2.0512060E-26
    0.899355      7.0427488E-27
    0.908348      2.1226751E-28
    0.917432      1.8855219E-28
    0.926606      7.7822815E-28
    0.935872      2.1341006E-28
    0.945231      8.8893664E-29
    0.954683      1.7554690E-28
    0.964230      6.6720822E-28
    0.973872      7.8945343E-28
    0.983611      5.7532551E-27
    0.993447      4.9313691E-27
    1.003382      4.0720746E-27
    1.013416      8.7173917E-27
    1.023550      2.2262070E-26
    1.033785      6.3922859E-27
    1.044123      6.7924418E-28
    1.054564      6.0390035E-28
    1.065110      6.9530420E-28
    1.075761      1.6314987E-27
    1.086519      6.6904210E-28
    1.097384      8.1519244E-28
    1.108358      6.6905456E-28
    1.119441      1.0556930E-26
    1.130636      1.8024103E-26
    1.141942      3.2531942E-27
    1.153361      1.6829960E-26
    1.164895      1.1177367E-25
    1.176544      1.7417451E-26
    1.188309      8.7227767E-27
    1.200192      2.9164459E-26
    1.212194      2.5994781E-26
    1.224316      6.8611798E-27
    1.236560      5.4725431E-28
    1.248925      8.4015124E-28
    1.261414      2.5603826E-27
    1.274028      8.8602008E-28
    1.286769      7.5519392E-27
    1.299636      1.5565465E-26
    1.312633      1.3781026E-26
    1.325759      1.6116625E-26
    1.339017      1.5697080E-26
    1.352407      6.8060269E-26
    1.365931      4.1806058E-26
    1.379590      3.9404043E-26
    1.393386      1.0779977E-25
    1.407320      3.5448006E-26
    1.421393      6.3039611E-27
    1.435607      9.4534295E-27
    1.449963      1.7904990E-26
    1.464463      2.5144076E-26
    1.479108      6.4955362E-26
    1.493899      2.1636361E-25
    1.508838      2.2692140E-25
    1.523926      5.4140478E-26
    1.539165      6.4012401E-27
    1.554557      5.5542647E-27
    1.570102      4.3301964E-27
    1.585803      8.9734392E-28
    1.601662      2.9597706E-28
    1.617678      2.0281763E-27
    1.633855      4.7219380E-26
    1.650193      1.4819412E-25
    1.666695      4.9580266E-26
    1.683362      3.2928707E-26
    1.700196      2.3007820E-25
    1.717198      1.5360276E-25
    1.734370      2.0389650E-26
    1.751714      2.0463061E-26
    1.769231      1.2102972E-25
    1.786923      1.0918427E-25
    1.804792      1.6807126E-26
    1.822840      4.8818789E-27
    1.841069      1.2398836E-26
    1.859479      2.0870291E-27
    1.878074      5.9635030E-28
    1.896855      9.0162123E-28
    1.915823      6.5098100E-27
    1.934982      5.4148612E-26
    1.954331      3.8645448E-25
    1.973875      3.6409983E-25
    1.993613      1.2023043E-25
    2.013550      2.4379063E-26
    2.033685      7.8995956E-27
    2.054022      1.6709832E-27
    2.074562      5.5706670E-28
    2.095308      1.2554056E-28
    2.116261      3.6169116E-28
    2.137423      4.1980867E-28
    2.158798      7.0582661E-26
    2.180386      7.4197685E-26
    2.202190      1.1443238E-25
    2.224211      3.5532221E-25
    2.246454      5.2550069E-25
    2.268918      1.3212126E-24
    2.291607      2.9404333E-24
    2.314523      9.2441309E-25
    2.337669      8.0036726E-25
    2.361045      1.2394006E-24
    2.384656      1.1262445E-25
    2.408502      9.0895739E-26
    2.432587      2.9543068E-26
    2.456913      1.4815652E-26
    2.481482      1.7532136E-26
    2.506297      3.4865757E-26
    2.531360      2.4643039E-26
    2.556674      1.4150235E-25
    2.582240      6.2171186E-26
    2.608063      1.6102959E-27
    2.634143      3.3411837E-28
    2.660485      6.7585837E-29
    2.687090      6.6763770E-30
    2.713961      5.3998440E-30
    2.741100      3.2867647E-29
    2.768511      2.8723874E-28
    2.796196      3.6342867E-27
    2.824158      4.8027614E-26
    2.852400      2.2683550E-25
    2.880924      3.8576318E-25
    2.909733      3.6243543E-25
    2.938830      6.0024407E-25
    2.968219      1.9650268E-25
    2.997901      1.6625029E-25
    3.027880      2.2341761E-25
    3.058159      1.4773151E-25
    3.088740      1.7140688E-25
    3.119628      4.4837336E-26
    3.150824      1.7723301E-26
    3.182332      1.2428395E-25
    3.214156      1.8774658E-24
    3.246297      1.2283753E-23
    3.278760      1.1801704E-23
    3.311548      2.9697297E-24
    3.344663      5.7391917E-24
    3.378110      7.3941395E-25
    3.411891      3.3694081E-25
    3.446010      4.6659082E-25
    3.480470      8.9780489E-25
    3.515275      9.3401447E-25
    3.550427      5.5585545E-25
    3.585932      1.6281391E-25
    3.621791      4.1690881E-26
    3.658009      2.1317446E-26
    3.694589      9.9840896E-26
    3.731535      7.8319670E-26
    3.768850      7.6851716E-26
    3.806539      8.5737212E-26
    3.844604      5.1968405E-26
    3.883050      4.8236493E-26
    3.921881      2.5437884E-26
    3.961099      1.0500201E-26
    4.000710      6.1399037E-27
    4.040718      3.5963043E-27
    4.081125      8.4283187E-27
    4.121936      2.4873031E-27
    4.163155      2.9328751E-29
    4.204787      6.2118312E-28
    4.246835      2.7821618E-27
    4.289303      6.7943207E-28
    4.332196      6.5724264E-28
    4.375518      1.3032499E-28
    4.419273      3.4439591E-29
    4.463466      3.8072691E-30
    4.508101      8.8904602E-31
    4.553182      1.1769303E-31
    4.598714      1.1700351E-32
    4.644701      3.6069716E-33
    4.691148      2.5896402E-33
    4.738059      6.1103160E-33
    4.785440      3.8404107E-32
    4.833294      1.2635222E-31
    4.881627      3.7345734E-31
    4.930443      2.9486966E-30
    4.979748      2.6933845E-30
    5.029545      1.6172168E-30
    5.079841      2.3255190E-29
    5.130639      8.4471704E-29
    5.181946      6.2435796E-28
    5.233765      1.9643736E-30
    5.286103      5.6359634E-27
    5.338964      1.2002528E-27
    5.392353      1.0192368E-27
    5.446277      5.1980469E-28
    5.500740      4.4293104E-28
    5.555747      3.7840990E-27
    5.611304      9.2481135E-27
    5.667418      3.2694466E-26
    5.724092      1.8816861E-25
    5.781333      3.2919150E-25
    5.839146      5.3981839E-25
    5.897537      1.9486561E-24
    5.956513      1.1879518E-24
    6.016078      3.6724748E-25
    6.076239      1.2025376E-24
    6.137001      5.4047085E-24
    6.198371      5.5362435E-25
    6.260355      7.5912590E-25
    6.322958      4.9176816E-25
    6.386188      5.8239549E-25
    6.450050      2.3030779E-25
    6.514550      5.1583510E-26
    6.579696      3.3724840E-26
    6.645493      2.2334331E-26
    6.711948      1.4211555E-26
    6.779067      8.7686581E-27
    6.846858      4.9037789E-27
    6.915326      1.2068947E-27
    6.984480      1.7372434E-27
    7.054324      1.8493183E-27
    7.124868      4.0376872E-27
    7.196116      1.2986766E-26
    7.268078      1.5166563E-26
    7.340758      2.8483365E-25
    7.414166      5.1892001E-24
    7.488308      1.6315256E-23
    7.563191      1.2741776E-23
    7.638823      4.4540375E-23
    7.715211      7.5562301E-24
    7.792363      2.2335228E-24
    7.870286      7.1669998E-25
    7.948989      1.0923363E-25
    8.028479      1.3589523E-26
    8.108764      3.4030718E-27
    8.189852      1.6955876E-27
    8.271750      6.2236274E-28
    8.354468      1.2602739E-28
    8.438012      3.4202421E-28
    8.522393      5.8288684E-29
    8.607616      1.1729413E-28
    8.693693      8.8295033E-27
    8.780630      6.1721855E-28
    8.868436      5.6094563E-26
    8.957120      4.7459981E-27
    9.046691      1.9359930E-26
    9.137158      5.5465572E-25
    9.228530      1.4281116E-25
    9.320815      1.7705118E-24
    9.414023      5.9489022E-25
    9.508164      5.4510080E-24
    9.603245      3.7011188E-24
    9.699278      4.7665033E-24
    9.796270      7.1369075E-24
    9.894233      1.8521154E-25
    9.993175      1.9727205E-23
   10.093107      1.7131505E-27
   10.194038      2.1586928E-27
   10.295979      4.7133532E-23
   10.398938      1.9472456E-26
   10.502928      1.4546014E-23
   10.607957      3.8414618E-27
   10.714037      4.9733933E-23
   10.821177      5.0590204E-26
   10.929389      4.1902934E-27
   11.038683      2.0728465E-26
   11.149070      9.2667573E-24
   11.260560      1.1284726E-26
   11.373166      1.3777784E-27
   11.486898      8.3575821E-25
   11.601766      3.0638883E-28
   11.717784      1.2783730E-24
   11.834962      6.3307663E-28
   11.953312      5.1076081E-25
   12.072845      4.3383682E-26
   12.193573      1.1418328E-25
   12.315509      2.8484931E-26
   12.438664      1.8921063E-27
   12.563051      7.8539861E-27
   12.688681      8.1846494E-28
   12.815568      1.6511414E-27
   12.943724      2.4245550E-27
   13.073161      2.1541772E-28
   13.203892      2.4619192E-28
   13.335931      2.0073148E-28
   13.469291      1.1194802E-29
   13.603984      1.6243417E-29
   13.740023      4.5567492E-29
   13.877424      1.6852108E-30
   14.016198      8.4917515E-30
   14.156360      4.1744260E-31
   14.297924      1.8147978E-31
   14.440903      8.2373445E-30
   14.585312      9.8875846E-32
   14.731165      3.8294784E-31
   14.878477      8.2543250E-30
   15.027261      1.4233042E-31
   15.177534      6.1460501E-32
   15.329309      7.2867657E-30
   15.482602      1.6466956E-31
   15.637428      8.3350553E-31
   15.793803      6.7812903E-29
   15.951741      2.1894144E-30
   16.111258      6.2403934E-32
   16.272371      2.7802430E-32
   16.435094      1.8800733E-32
   16.599445      2.8027881E-32
   16.765440      6.3251553E-32
   16.933094      3.5936796E-28
   17.102425      7.8960788E-32
   17.273449      3.9817155E-32
   17.446184      5.1400073E-30
   17.620646      1.9756305E-33
   17.796852      7.5933035E-33
   17.974821      1.6528752E-30
   18.154569      6.4849631E-31
   18.336115      9.7057024E-34
   18.519476      3.7912518E-32
   18.704670      1.3061858E-31
   18.891717      1.5067451E-33
   19.080634      5.4641442E-32
   19.271441      1.5592252E-32
   19.464155      1.1051173E-31
   19.658797      2.7478663E-32
   19.855385      2.4181463E-32
   20.053938      5.0461090E-33
   20.254478      1.1124666E-32
   20.457023      8.6985301E-32
   20.661593      2.7551403E-33
   20.868209      8.8186328E-35
   21.076891      2.2930239E-34
   21.287660      8.2760078E-34
   21.500536      1.2879809E-32
   21.715542      4.1809539E-34
   21.932697      4.7110285E-34
   22.152024      6.8289815E-36
   22.373544      6.4512972E-34
   22.597280      3.1645485E-34
   22.823253      2.4586609E-35
   23.051485      5.3067443E-35
   23.282000      7.0261209E-36
   23.514820      1.9818423E-34
   23.749968      8.0293479E-34
   23.987468      1.3815969E-34
   24.227343      7.6582291E-35
   24.469616      4.7552795E-35
   24.714312      1.7656979E-34
   24.961455      1.7503330E-33
   25.211070      6.7674384E-35
   25.463180      6.1768169E-35
   25.717812      8.5639888E-34
   25.974990      7.3148396E-34
   26.234740      4.7061845E-33
   26.497088      8.6795479E-33
   26.762059      3.1058206E-33
   27.029679      3.4504757E-33
   27.299976      7.4585718E-33
   27.572976      4.2527029E-32
   27.848705      1.8598216E-31
   28.127193      2.4060333E-28
   28.408464      5.5647363E-31
   28.692549      1.1235587E-32
   28.979475      4.3933565E-33
   29.269269      2.0059803E-32
   29.561962      3.5123029E-33
   29.857582      1.9765346E-32
