# Pressure:     3.000E+00 Ba
# Temperature:    400.000 K
#  lambda [mu]   kappa [cm^2/mol]
    0.500000      4.4991689E-29
    0.505000      3.9341343E-29
    0.510050      9.1176463E-30
    0.515150      7.8181042E-31
    0.520302      2.5252125E-30
    0.525505      2.8734161E-30
    0.530760      9.4877661E-31
    0.536068      1.0457818E-29
    0.541428      2.2265148E-29
    0.546843      9.2404116E-30
    0.552311      1.0904393E-30
    0.557834      1.4480596E-30
    0.563413      1.5953781E-29
    0.569047      3.0814417E-29
    0.574737      2.1411269E-29
    0.580484      1.6293098E-29
    0.586289      3.3698910E-28
    0.592152      2.6434447E-28
    0.598074      6.3860458E-29
    0.604054      6.0055904E-30
    0.610095      5.7637774E-31
    0.616196      3.2509450E-31
    0.622358      2.8160245E-29
    0.628582      2.7845629E-29
    0.634867      2.4931551E-29
    0.641216      1.2110459E-28
    0.647628      1.6896605E-28
    0.654104      1.2611022E-28
    0.660645      2.2032058E-29
    0.667252      2.2984475E-30
    0.673924      2.5508050E-30
    0.680664      1.4259301E-29
    0.687470      3.7069171E-28
    0.694345      3.2727373E-28
    0.701288      3.1989961E-28
    0.708301      2.3463984E-28
    0.715384      2.9382828E-27
    0.722538      2.3897368E-27
    0.729764      8.1813239E-28
    0.737061      1.9878154E-28
    0.744432      2.7283529E-29
    0.751876      5.0843825E-30
    0.759395      1.3692156E-30
    0.766989      1.1643940E-30
    0.774659      8.4782720E-30
    0.782405      2.4854310E-28
    0.790229      2.1109248E-28
    0.798132      2.8473200E-28
    0.806113      1.5428271E-27
    0.814174      2.2018207E-27
    0.822316      2.1623264E-27
    0.830539      1.1884645E-27
    0.838844      4.4541140E-28
    0.847233      4.1511619E-28
    0.855705      3.8712703E-28
    0.864262      5.5713281E-28
    0.872905      8.9810197E-28
    0.881634      1.9426631E-27
    0.890450      1.5427506E-26
    0.899355      9.6107691E-27
    0.908348      6.7366132E-27
    0.917432      3.0977636E-27
    0.926606      5.8383525E-26
    0.935872      3.2760160E-26
    0.945231      4.2870216E-26
    0.954683      2.2584513E-26
    0.964230      6.3253038E-27
    0.973872      6.0111596E-27
    0.983611      4.4534688E-27
    0.993447      4.4122726E-27
    1.003382      4.7276154E-27
    1.013416      9.7687733E-27
    1.023550      1.0930426E-26
    1.033785      8.0519873E-27
    1.044123      3.6248918E-27
    1.054564      1.1101677E-27
    1.065110      1.3930107E-27
    1.075761      1.4414611E-27
    1.086519      2.0919392E-27
    1.097384      5.1198455E-27
    1.108358      4.3593076E-26
    1.119441      9.9758490E-26
    1.130636      9.2823048E-26
    1.141942      6.5744514E-26
    1.153361      7.7556228E-26
    1.164895      7.2265967E-26
    1.176544      3.4532094E-26
    1.188309      2.0166331E-26
    1.200192      1.7472335E-26
    1.212194      1.7737810E-26
    1.224316      9.4990400E-27
    1.236560      3.4086863E-27
    1.248925      3.5709429E-27
    1.261414      1.7891127E-27
    1.274028      5.0271683E-27
    1.286769      1.1876817E-26
    1.299636      1.8087347E-26
    1.312633      2.5231015E-26
    1.325759      4.9809286E-26
    1.339017      3.4629259E-25
    1.352407      1.5292503E-24
    1.365931      6.8125262E-25
    1.379590      1.1196024E-24
    1.393386      9.1119917E-25
    1.407320      5.4037073E-25
    1.421393      2.7761860E-25
    1.435607      1.8042128E-25
    1.449963      6.2975561E-26
    1.464463      1.3918225E-25
    1.479108      1.6013183E-25
    1.493899      1.5684486E-25
    1.508838      1.8468414E-25
    1.523926      1.0093419E-25
    1.539165      6.5413930E-26
    1.554557      2.2745785E-26
    1.570102      7.8706344E-27
    1.585803      4.7430641E-27
    1.601662      7.6363263E-27
    1.617678      5.8044751E-26
    1.633855      2.1100333E-25
    1.650193      8.7512091E-26
    1.666695      1.0796644E-25
    1.683362      1.2959745E-25
    1.700196      1.3116466E-25
    1.717198      1.0592437E-25
    1.734370      8.5207722E-26
    1.751714      7.0410867E-26
    1.769231      1.2651649E-25
    1.786923      3.5280672E-25
    1.804792      1.1538884E-24
    1.822840      1.9516292E-24
    1.841069      1.6149836E-24
    1.859479      2.5146715E-24
    1.878074      5.6371057E-25
    1.896855      1.4608012E-24
    1.915823      9.0450397E-25
    1.934982      6.2601091E-25
    1.954331      4.2531102E-25
    1.973875      3.4246782E-25
    1.993613      3.0766812E-25
    2.013550      2.2318741E-25
    2.033685      6.7133629E-26
    2.054022      2.3581927E-26
    2.074562      9.9113008E-27
    2.095308      5.1544489E-27
    2.116261      1.3407218E-26
    2.137423      4.5583516E-26
    2.158798      1.0280921E-25
    2.180386      2.5843186E-25
    2.202190      5.3430831E-25
    2.224211      8.4059235E-25
    2.246454      1.3240050E-24
    2.268918      1.2240896E-24
    2.291607      1.1847076E-24
    2.314523      1.2359483E-24
    2.337669      1.5518799E-24
    2.361045      1.7646151E-24
    2.384656      8.7638718E-25
    2.408502      4.7352968E-25
    2.432587      2.9984202E-25
    2.456913      2.5914428E-25
    2.481482      6.5868448E-25
    2.506297      2.6036734E-24
    2.531360      5.8795398E-24
    2.556674      1.4710835E-23
    2.582240      2.1915628E-23
    2.608063      1.2067801E-23
    2.634143      6.2577701E-24
    2.660485      1.6763320E-23
    2.687090      8.2643119E-24
    2.713961      1.1985104E-23
    2.741100      1.7146010E-23
    2.768511      7.4198248E-24
    2.796196      4.0703675E-24
    2.824158      3.2818858E-24
    2.852400      1.6768160E-24
    2.880924      1.4021528E-24
    2.909733      8.8713112E-25
    2.938830      7.3607477E-25
    2.968219      6.0562138E-25
    2.997901      6.7296432E-25
    3.027880      5.0527200E-25
    3.058159      4.1130010E-25
    3.088740      7.2890401E-25
    3.119628      1.7405290E-24
    3.150824      5.5831575E-24
    3.182332      2.1834650E-23
    3.214156      2.0154303E-23
    3.246297      1.4870052E-23
    3.278760      4.8000665E-24
    3.311548      1.3091500E-23
    3.344663      9.8503818E-24
    3.378110      1.3901952E-23
    3.411891      9.6932250E-24
    3.446010      4.3559134E-24
    3.480470      1.6305576E-24
    3.515275      1.3722624E-24
    3.550427      6.7060598E-25
    3.585932      4.7118745E-25
    3.621791      3.8782580E-25
    3.658009      2.7232736E-25
    3.694589      3.5516480E-25
    3.731535      1.8069693E-25
    3.768850      1.8154497E-25
    3.806539      8.7611547E-26
    3.844604      1.5001209E-25
    3.883050      1.0171419E-25
    3.921881      8.6971790E-26
    3.961099      8.0637622E-26
    4.000710      7.4291971E-26
    4.040718      6.3133913E-26
    4.081125      3.5990157E-26
    4.121936      2.6383273E-26
    4.163155      2.4845691E-26
    4.204787      3.8266563E-26
    4.246835      2.0817897E-26
    4.289303      1.6884031E-26
    4.332196      2.0007528E-26
    4.375518      1.8617559E-26
    4.419273      2.1516865E-26
    4.463466      1.5910836E-26
    4.508101      3.2327617E-26
    4.553182      2.5560994E-26
    4.598714      4.9321447E-26
    4.644701      1.0403155E-25
    4.691148      9.6732030E-26
    4.738059      5.0870768E-26
    4.785440      5.6480706E-26
    4.833294      4.6726278E-26
    4.881627      2.5719199E-25
    4.930443      6.4288087E-25
    4.979748      1.0771594E-24
    5.029545      9.0215425E-26
    5.079841      2.8239528E-25
    5.130639      1.1789163E-24
    5.181946      3.3594538E-24
    5.233765      9.3394106E-25
    5.286103      5.7998708E-25
    5.338964      1.3779283E-24
    5.392353      7.2358941E-24
    5.446277      4.7449620E-24
    5.500740      6.2048803E-24
    5.555747      1.0177364E-23
    5.611304      1.4587715E-23
    5.667418      1.6543188E-23
    5.724092      2.4869544E-23
    5.781333      2.1558339E-23
    5.839146      3.5288789E-23
    5.897537      2.5138433E-23
    5.956513      1.2278584E-23
    6.016078      3.7697081E-23
    6.076239      1.4038894E-23
    6.137001      1.6189439E-23
    6.198371      2.6387345E-24
    6.260355      1.6671102E-24
    6.322958      9.1031077E-24
    6.386188      3.3209506E-23
    6.450050      3.7011717E-23
    6.514550      3.2511674E-23
    6.579696      3.9306096E-23
    6.645493      2.0149026E-23
    6.711948      9.8424708E-24
    6.779067      8.9059652E-24
    6.846858      7.2030585E-24
    6.915326      1.4988399E-23
    6.984480      1.7702863E-23
    7.054324      4.2667716E-24
    7.124868      9.5376974E-24
    7.196116      6.6090371E-24
    7.268078      1.6192003E-23
    7.340758      1.8878039E-23
    7.414166      2.7070407E-23
    7.488308      1.1477585E-23
    7.563191      5.7342767E-24
    7.638823      6.2221391E-23
    7.715211      1.2354238E-23
    7.792363      8.6179727E-24
    7.870286      1.3068949E-23
    7.948989      9.9268139E-24
    8.028479      7.4106405E-24
    8.108764      4.6260400E-24
    8.189852      3.6876174E-24
    8.271750      1.5097297E-24
    8.354468      1.4805729E-24
    8.438012      3.1767785E-24
    8.522393      6.9179067E-25
    8.607616      2.6019583E-24
    8.693693      4.7096655E-24
    8.780630      1.9032912E-24
    8.868436      9.3659291E-24
    8.957120      2.3201542E-24
    9.046691      3.7802120E-24
    9.137158      1.1067601E-23
    9.228530      7.7034110E-24
    9.320815      7.9099346E-24
    9.414023      6.7713415E-24
    9.508164      9.4845326E-24
    9.603245      1.0713160E-23
    9.699278      3.1496383E-24
    9.796270      5.9054061E-24
    9.894233      1.2856225E-24
    9.993175      6.9812757E-24
   10.093107      3.0949181E-25
   10.194038      4.1283384E-25
   10.295979      4.0427170E-23
   10.398938      1.0012133E-23
   10.502928      5.3390593E-24
   10.607957      2.8748318E-24
   10.714037      4.8775284E-23
   10.821177      9.3073300E-24
   10.929389      2.7842955E-24
   11.038683      8.2835803E-25
   11.149070      3.8262679E-24
   11.260560      1.2791662E-24
   11.373166      5.3295517E-25
   11.486898      7.6480584E-24
   11.601766      5.0030818E-25
   11.717784      6.7848325E-24
   11.834962      6.2114711E-25
   11.953312      5.3347249E-24
   12.072845      4.9156740E-24
   12.193573      5.4480688E-24
   12.315509      3.9922789E-24
   12.438664      1.2146155E-24
   12.563051      1.6427592E-24
   12.688681      2.6101719E-24
   12.815568      2.4682717E-24
   12.943724      1.8427406E-24
   13.073161      1.6161724E-24
   13.203892      1.3752261E-24
   13.335931      2.1052960E-24
   13.469291      9.3333759E-25
   13.603984      7.7612776E-25
   13.740023      9.7330217E-25
   13.877424      4.6480720E-25
   14.016198      1.0316955E-24
   14.156360      6.8893714E-25
   14.297924      6.0950742E-25
   14.440903      1.2715200E-24
   14.585312      2.7546907E-25
   14.731165      2.5903699E-25
   14.878477      4.3980119E-25
   15.027261      5.7934358E-25
   15.177534      2.4920878E-25
   15.329309      5.4804991E-25
   15.482602      1.2204938E-24
   15.637428      2.1274653E-24
   15.793803      2.9659901E-24
   15.951741      2.2321065E-24
   16.111258      1.2196460E-24
   16.272371      5.9138510E-25
   16.435094      5.8808734E-25
   16.599445      1.2297353E-24
   16.765440      2.1752774E-24
   16.933094      1.3978532E-24
   17.102425      1.9302084E-24
   17.273449      2.8743714E-24
   17.446184      1.5650056E-24
   17.620646      6.3373624E-25
   17.796852      8.9531621E-25
   17.974821      1.6354563E-24
   18.154569      1.9167175E-24
   18.336115      9.4228036E-25
   18.519476      1.9305651E-24
   18.704670      4.4424259E-25
   18.891717      6.2793289E-24
   19.080634      4.6884947E-24
   19.271441      5.4439479E-24
   19.464155      3.8140346E-24
   19.658797      2.5175330E-24
   19.855385      2.2701294E-24
   20.053938      2.3228795E-24
   20.254478      2.2468069E-24
   20.457023      7.2308395E-24
   20.661593      2.1290363E-24
   20.868209      7.3117748E-24
   21.076891      5.6259729E-24
   21.287660      1.8310839E-24
   21.500536      1.2431626E-23
   21.715542      1.7991829E-23
   21.932697      8.1876664E-24
   22.152024      1.2272205E-23
   22.373544      2.0260663E-23
   22.597280      1.1251071E-24
   22.823253      6.1729555E-24
   23.051485      1.5478631E-24
   23.282000      1.3069547E-23
   23.514820      2.6385120E-23
   23.749968      3.8518711E-23
   23.987468      1.2365164E-24
   24.227343      9.2337908E-25
   24.469616      1.3912763E-24
   24.714312      1.9064997E-23
   24.961455      5.8580906E-23
   25.211070      6.7682944E-23
   25.463180      1.8276226E-24
   25.717812      1.1254030E-23
   25.974990      3.0890984E-24
   26.234740      1.2561499E-23
   26.497088      1.2354094E-22
   26.762059      1.4118592E-23
   27.029679      1.8947834E-24
   27.299976      2.2469604E-24
   27.572976      2.5657422E-23
   27.848705      3.0617907E-23
   28.127193      1.4620449E-22
   28.408464      1.8166028E-22
   28.692549      5.8038384E-24
   28.979475      1.1832993E-23
   29.269269      7.4589550E-24
   29.561962      3.6466402E-23
   29.857582      5.9681102E-24
