# Pressure:     1.000E-04 Ba
# Temperature:   2150.000 K
#  lambda [mu]   kappa [cm^2/mol]
    0.500000      4.1051598E-30
    0.505000      3.7186401E-30
    0.510050      3.6858049E-30
    0.515150      2.5871317E-30
    0.520302      1.7882698E-30
    0.525505      2.1075534E-30
    0.530760      2.1594587E-30
    0.536068      2.9431513E-30
    0.541428      3.6285254E-30
    0.546843      3.2208698E-30
    0.552311      2.9768900E-30
    0.557834      2.4352460E-30
    0.563413      1.0258244E-29
    0.569047      4.8978553E-30
    0.574737      5.5204025E-30
    0.580484      9.7192291E-30
    0.586289      1.2323564E-24
    0.592152      3.5538837E-29
    0.598074      3.1787272E-29
    0.604054      2.5782643E-29
    0.610095      1.9251320E-29
    0.616196      2.3901547E-29
    0.622358      2.6374779E-29
    0.628582      2.2433200E-29
    0.634867      2.3434756E-29
    0.641216      4.6113601E-29
    0.647628      5.1364536E-29
    0.654104      5.1261352E-29
    0.660645      4.8052782E-29
    0.667252      4.0113698E-29
    0.673924      4.2128987E-29
    0.680664      3.5451765E-29
    0.687470      1.3467744E-28
    0.694345      7.0620726E-29
    0.701288      1.0186226E-28
    0.708301      1.5542391E-28
    0.715384      4.2875001E-28
    0.722538      3.6615950E-28
    0.729764      3.8761593E-28
    0.737061      3.3889830E-28
    0.744432      3.5850315E-28
    0.751876      3.3050892E-28
    0.759395      2.4247432E-28
    0.766989      2.0653861E-26
    0.774659      2.0041442E-28
    0.782405      2.1657530E-28
    0.790229      1.9722547E-28
    0.798132      2.5501693E-28
    0.806113      8.8698856E-28
    0.814174      9.4987880E-28
    0.822316      7.3009011E-28
    0.830539      7.1553093E-28
    0.838844      8.0590851E-28
    0.847233      7.7160627E-28
    0.855705      5.9867135E-28
    0.864262      5.1280434E-28
    0.872905      4.5905173E-28
    0.881634      6.0508569E-28
    0.890450      1.3998329E-27
    0.899355      7.9673575E-28
    0.908348      1.4750176E-27
    0.917432      2.4648832E-27
    0.926606      8.4845206E-27
    0.935872      5.5284733E-27
    0.945231      1.4288359E-26
    0.954683      7.2953628E-27
    0.964230      7.7761155E-27
    0.973872      7.6780847E-27
    0.983611      5.9254037E-27
    0.993447      4.9761286E-27
    1.003382      4.2508792E-27
    1.013416      3.8080562E-27
    1.023550      3.3696220E-27
    1.033785      2.6827834E-27
    1.044123      2.2639586E-27
    1.054564      1.9856345E-27
    1.065110      1.8361762E-27
    1.075761      1.8798668E-27
    1.086519      5.6984816E-27
    1.097384      1.2250921E-26
    1.108358      2.0989237E-26
    1.119441      1.5836053E-26
    1.130636      2.2082356E-26
    1.141942      1.8397751E-26
    1.153361      1.9159033E-26
    1.164895      2.2442338E-26
    1.176544      1.9528910E-26
    1.188309      1.7608861E-26
    1.200192      1.4534881E-26
    1.212194      1.1562507E-26
    1.224316      1.0080793E-26
    1.236560      8.4905866E-27
    1.248925      7.6517565E-27
    1.261414      7.8530976E-27
    1.274028      7.4634904E-27
    1.286769      7.6199613E-27
    1.299636      9.5173977E-27
    1.312633      1.3844494E-26
    1.325759      5.5305454E-25
    1.339017      3.8652970E-25
    1.352407      1.9763603E-25
    1.365931      1.3288737E-25
    1.379590      1.8467371E-25
    1.393386      2.0383303E-25
    1.407320      2.6023193E-25
    1.421393      2.4553510E-25
    1.435607      2.2037184E-25
    1.449963      2.1675860E-25
    1.464463      1.7484018E-25
    1.479108      1.4625338E-25
    1.493899      1.2341738E-25
    1.508838      1.1009793E-25
    1.523926      9.2530553E-26
    1.539165      7.9897882E-26
    1.554557      6.7640563E-26
    1.570102      5.5135869E-26
    1.585803      4.5283003E-26
    1.601662      3.7874614E-26
    1.617678      3.2837827E-26
    1.633855      2.7151714E-26
    1.650193      2.3313840E-26
    1.666695      2.0195637E-26
    1.683362      2.4425038E-26
    1.700196      3.7708266E-26
    1.717198      6.8909986E-26
    1.734370      1.0940952E-25
    1.751714      1.6906195E-25
    1.769231      2.6017950E-25
    1.786923      3.5023320E-25
    1.804792      4.2849756E-25
    1.822840      3.8973262E-25
    1.841069      5.0000347E-25
    1.859479      4.5591320E-25
    1.878074      3.3553048E-25
    1.896855      2.9070763E-25
    1.915823      3.1120124E-25
    1.934982      3.5288322E-25
    1.954331      3.9802378E-25
    1.973875      3.9754991E-25
    1.993613      3.6650096E-25
    2.013550      2.9556386E-25
    2.033685      2.5722314E-25
    2.054022      2.0993308E-25
    2.074562      1.6128256E-25
    2.095308      1.2562597E-25
    2.116261      9.8388622E-26
    2.137423      7.6698642E-26
    2.158798      6.3574930E-26
    2.180386      5.4607158E-26
    2.202190      4.9026011E-26
    2.224211      4.7965237E-26
    2.246454      4.3371978E-26
    2.268918      4.5977997E-26
    2.291607      1.2725145E-25
    2.314523      2.2943050E-25
    2.337669      1.8390447E-25
    2.361045      1.9706003E-25
    2.384656      3.0318646E-25
    2.408502      4.7250965E-25
    2.432587      7.2123497E-25
    2.456913      1.4150971E-24
    2.481482      1.7301337E-24
    2.506297      2.1683513E-24
    2.531360      2.3426409E-24
    2.556674      2.3375055E-24
    2.582240      1.8357303E-24
    2.608063      1.2700217E-24
    2.634143      8.6408933E-25
    2.660485      2.4364662E-24
    2.687090      2.5289707E-24
    2.713961      2.7826412E-24
    2.741100      2.8163383E-24
    2.768511      2.3012459E-24
    2.796196      2.8288313E-24
    2.824158      3.0766222E-24
    2.852400      2.6784089E-24
    2.880924      2.6385196E-24
    2.909733      2.8546297E-24
    2.938830      2.4077172E-24
    2.968219      2.1368227E-24
    2.997901      1.7749122E-24
    3.027880      1.7327878E-24
    3.058159      1.3505769E-24
    3.088740      1.1747419E-24
    3.119628      1.0042587E-24
    3.150824      8.4050761E-25
    3.182332      7.6121783E-25
    3.214156      6.0461208E-25
    3.246297      5.3046395E-25
    3.278760      4.4835503E-25
    3.311548      3.9392617E-25
    3.344663      3.7735198E-25
    3.378110      3.3965035E-25
    3.411891      2.9391830E-25
    3.446010      2.7083145E-25
    3.480470      2.4255072E-25
    3.515275      2.1582034E-25
    3.550427      1.8890667E-25
    3.585932      1.6746000E-25
    3.621791      1.4034793E-25
    3.658009      1.2236004E-25
    3.694589      1.0533396E-25
    3.731535      9.3770263E-26
    3.768850      7.8860614E-26
    3.806539      7.6321911E-26
    3.844604      8.4281825E-26
    3.883050      6.5661529E-26
    3.921881      1.2740515E-25
    3.961099      8.2207647E-26
    4.000710      1.0158438E-25
    4.040718      1.3621730E-25
    4.081125      1.6455196E-25
    4.121936      1.7779812E-25
    4.163155      2.0090724E-25
    4.204787      2.1225356E-25
    4.246835      2.2967570E-25
    4.289303      4.2345223E-25
    4.332196      1.4919878E-24
    4.375518      3.5179193E-24
    4.419273      4.9397732E-24
    4.463466      8.2668598E-24
    4.508101      7.4825876E-24
    4.553182      8.4148873E-24
    4.598714      6.7235986E-24
    4.644701      4.3386563E-24
    4.691148      4.2243541E-24
    4.738059      4.8365494E-24
    4.785440      4.4366570E-24
    4.833294      4.5549196E-24
    4.881627      4.3858772E-24
    4.930443      4.6815124E-24
    4.979748      4.1682233E-24
    5.029545      4.2080096E-24
    5.079841      3.4604578E-24
    5.130639      3.2766077E-24
    5.181946      3.0924316E-24
    5.233765      3.3681134E-24
    5.286103      2.7592870E-24
    5.338964      3.0529504E-24
    5.392353      2.7161784E-24
    5.446277      2.3059367E-24
    5.500740      2.9703957E-24
    5.555747      2.9165001E-24
    5.611304      2.8720430E-24
    5.667418      3.2218709E-24
    5.724092      2.7173732E-24
    5.781333      2.7945152E-24
    5.839146      2.4828473E-24
    5.897537      2.2121566E-24
    5.956513      1.2705389E-24
    6.016078      1.9622889E-24
    6.076239      1.3204156E-24
    6.137001      1.1794320E-24
    6.198371      9.9168780E-25
    6.260355      8.0789090E-25
    6.322958      1.0246351E-24
    6.386188      2.2879275E-24
    6.450050      4.6441914E-24
    6.514550      5.0244062E-24
    6.579696      8.2990558E-24
    6.645493      5.4770068E-24
    6.711948      4.7929336E-24
    6.779067      6.7914079E-24
    6.846858      4.5880157E-24
    6.915326      4.3671238E-24
    6.984480      5.4315462E-24
    7.054324      4.4383271E-24
    7.124868      3.8142314E-24
    7.196116      4.6728327E-24
    7.268078      4.7513370E-24
    7.340758      3.7005545E-24
    7.414166      5.5173869E-24
    7.488308      4.1868902E-24
    7.563191      4.6597102E-24
    7.638823      3.6940052E-24
    7.715211      3.9458105E-24
    7.792363      3.9312818E-24
    7.870286      3.8315470E-24
    7.948989      3.9469301E-24
    8.028479      4.0793964E-24
    8.108764      4.5900177E-24
    8.189852      3.3041070E-24
    8.271750      3.9033055E-24
    8.354468      2.5546328E-24
    8.438012      2.8952120E-24
    8.522393      2.3459518E-24
    8.607616      2.1421526E-24
    8.693693      2.1633632E-24
    8.780630      1.9660568E-24
    8.868436      1.7322859E-24
    8.957120      1.7161821E-24
    9.046691      1.7188201E-24
    9.137158      1.4458055E-24
    9.228530      1.3402421E-24
    9.320815      2.0174911E-24
    9.414023      1.6381428E-24
    9.508164      1.4412165E-24
    9.603245      1.2059990E-24
    9.699278      1.1795554E-24
    9.796270      2.4868946E-24
    9.894233      1.3304371E-24
    9.993175      1.7529456E-24
   10.093107      1.4553774E-24
   10.194038      1.4831076E-24
   10.295979      2.1791106E-24
   10.398938      2.0686765E-24
   10.502928      2.0772272E-24
   10.607957      3.8616513E-24
   10.714037      2.0257791E-24
   10.821177      4.1920004E-24
   10.929389      3.0556066E-24
   11.038683      2.7917521E-24
   11.149070      3.5020014E-24
   11.260560      2.9749617E-24
   11.373166      3.3730475E-24
   11.486898      4.8519864E-24
   11.601766      2.9719431E-24
   11.717784      5.1860258E-24
   11.834962      3.9341757E-24
   11.953312      5.3669896E-24
   12.072845      5.4674208E-24
   12.193573      4.8992252E-24
   12.315509      6.3714611E-24
   12.438664      7.8817349E-24
   12.563051      7.2334291E-24
   12.688681      6.9566183E-24
   12.815568      5.7741634E-24
   12.943724      8.7399979E-24
   13.073161      8.0782662E-24
   13.203892      1.1838741E-23
   13.335931      8.1129672E-24
   13.469291      8.8851451E-24
   13.603984      1.1712995E-23
   13.740023      1.2161592E-23
   13.877424      1.2040597E-23
   14.016198      9.0956414E-24
   14.156360      1.1366457E-23
   14.297924      1.0481735E-23
   14.440903      1.1132838E-23
   14.585312      1.7355411E-23
   14.731165      1.4633573E-23
   14.878477      1.1578726E-23
   15.027261      1.4764942E-23
   15.177534      8.5656887E-24
   15.329309      1.9812419E-23
   15.482602      1.4814261E-23
   15.637428      1.6359967E-23
   15.793803      8.4493089E-24
   15.951741      2.1521625E-23
   16.111258      2.0827534E-23
   16.272371      1.2124111E-23
   16.435094      1.2800182E-23
   16.599445      1.3154333E-23
   16.765440      1.3922109E-23
   16.933094      9.4536653E-24
   17.102425      1.6235915E-23
   17.273449      2.4816513E-23
   17.446184      1.1898605E-23
   17.620646      1.8727674E-23
   17.796852      1.7106539E-23
   17.974821      2.0393690E-23
   18.154569      8.3549047E-24
   18.336115      2.7112044E-23
   18.519476      2.6929811E-23
   18.704670      8.0433059E-24
   18.891717      2.3160015E-23
   19.080634      1.9881663E-23
   19.271441      3.6478660E-23
   19.464155      1.8370123E-23
   19.658797      1.3572656E-23
   19.855385      7.2785518E-24
   20.053938      2.5811579E-23
   20.254478      2.1056639E-23
   20.457023      1.1774766E-23
   20.661593      1.4089878E-23
   20.868209      2.8211649E-23
   21.076891      1.4828607E-23
   21.287660      5.7976052E-24
   21.500536      1.9217992E-23
   21.715542      2.1092748E-23
   21.932697      1.1800462E-23
   22.152024      1.4464933E-23
   22.373544      2.4398354E-23
   22.597280      8.7761270E-24
   22.823253      1.4717951E-23
   23.051485      9.6583267E-24
   23.282000      2.9184508E-23
   23.514820      2.0108324E-23
   23.749968      1.6187925E-23
   23.987468      6.2295163E-24
   24.227343      1.9083103E-23
   24.469616      1.3904647E-23
   24.714312      1.8013107E-23
   24.961455      1.1346637E-23
   25.211070      2.1095908E-23
   25.463180      2.6526763E-23
   25.717812      1.8052889E-23
   25.974990      8.3156151E-24
   26.234740      1.1799352E-23
   26.497088      3.9151924E-23
   26.762059      9.0358151E-24
   27.029679      1.5946775E-23
   27.299976      6.8082958E-24
   27.572976      1.1248052E-23
   27.848705      2.6666327E-23
   28.127193      3.1412750E-23
   28.408464      2.7279596E-23
   28.692549      6.3313522E-24
   28.979475      9.0326535E-24
   29.269269      3.0689540E-23
   29.561962      1.0237378E-23
   29.857582      1.6335728E-23
