# Pressure:     3.000E+01 Ba
# Temperature:   1800.000 K
#  lambda [mu]   kappa [cm^2/mol]
    0.500000      6.8979412E-27
    0.505000      7.8460509E-27
    0.510050      9.0744535E-27
    0.515150      1.0745798E-26
    0.520302      1.2752390E-26
    0.525505      1.5544163E-26
    0.530760      1.9016025E-26
    0.536068      2.3852372E-26
    0.541428      3.0630675E-26
    0.546843      4.0909136E-26
    0.552311      5.6348174E-26
    0.557834      8.3141804E-26
    0.563413      1.3198823E-25
    0.569047      2.4749422E-25
    0.574737      5.8486469E-25
    0.580484      3.0678006E-24
    0.586289      2.1596069E-22
    0.592152      1.6338212E-24
    0.598074      4.5578558E-25
    0.604054      2.1996857E-25
    0.610095      1.2815033E-25
    0.616196      8.6779922E-26
    0.622358      6.2587756E-26
    0.628582      4.9137814E-26
    0.634867      3.9659908E-26
    0.641216      3.3576401E-26
    0.647628      2.9422544E-26
    0.654104      2.6738580E-26
    0.660645      2.5063370E-26
    0.667252      2.4298672E-26
    0.673924      2.4282340E-26
    0.680664      2.5207917E-26
    0.687470      2.7704974E-26
    0.694345      3.0344268E-26
    0.701288      3.4060602E-26
    0.708301      3.9919124E-26
    0.715384      5.0692592E-26
    0.722538      6.7128200E-26
    0.729764      9.6046164E-26
    0.737061      1.5464692E-25
    0.744432      2.8625706E-25
    0.751876      7.7796482E-25
    0.759395      6.7463901E-24
    0.766989      4.7571154E-23
    0.774659      1.3693853E-24
    0.782405      4.1476363E-25
    0.790229      2.0175145E-25
    0.798132      1.2121543E-25
    0.806113      7.9723291E-26
    0.814174      6.0522129E-26
    0.822316      4.3528314E-26
    0.830539      3.4539914E-26
    0.838844      2.7758850E-26
    0.847233      2.2939940E-26
    0.855705      1.9361137E-26
    0.864262      1.6522306E-26
    0.872905      1.4377923E-26
    0.881634      1.3084448E-26
    0.890450      1.3036238E-26
    0.899355      1.0845273E-26
    0.908348      1.0800128E-26
    0.917432      1.1815519E-26
    0.926606      2.1792233E-26
    0.935872      1.5480442E-26
    0.945231      2.8891732E-26
    0.954683      1.8005405E-26
    0.964230      1.6690937E-26
    0.973872      1.5068187E-26
    0.983611      1.2405342E-26
    0.993447      1.0854612E-26
    1.003382      9.3752209E-27
    1.013416      8.1935121E-27
    1.023550      7.0696556E-27
    1.033785      6.0232901E-27
    1.044123      5.4210121E-27
    1.054564      4.9963033E-27
    1.065110      4.7639319E-27
    1.075761      4.8486835E-27
    1.086519      1.0002057E-26
    1.097384      2.1578099E-26
    1.108358      3.6302608E-26
    1.119441      2.7264363E-26
    1.130636      3.7658203E-26
    1.141942      2.9785011E-26
    1.153361      3.1892006E-26
    1.164895      4.8253765E-26
    1.176544      3.0759443E-26
    1.188309      2.1838265E-26
    1.200192      1.6579205E-26
    1.212194      1.2434823E-26
    1.224316      1.0131582E-26
    1.236560      1.0357083E-26
    1.248925      1.1280091E-26
    1.261414      7.4681557E-27
    1.274028      8.1044121E-27
    1.286769      9.5932120E-27
    1.299636      1.2122343E-26
    1.312633      1.8555039E-26
    1.325759      1.2088175E-24
    1.339017      4.7274792E-25
    1.352407      3.4584114E-25
    1.365931      2.0872063E-25
    1.379590      2.9794509E-25
    1.393386      3.1412261E-25
    1.407320      3.9027975E-25
    1.421393      3.6356657E-25
    1.435607      3.1605495E-25
    1.449963      2.7284981E-25
    1.464463      2.2073663E-25
    1.479108      1.7648688E-25
    1.493899      1.4564228E-25
    1.508838      1.2232384E-25
    1.523926      9.8122511E-26
    1.539165      7.6791056E-26
    1.554557      6.0821866E-26
    1.570102      4.8495675E-26
    1.585803      4.1517932E-26
    1.601662      4.3735729E-26
    1.617678      4.5774153E-26
    1.633855      3.9137350E-26
    1.650193      3.4953008E-26
    1.666695      4.0378817E-26
    1.683362      4.2438134E-26
    1.700196      5.1661893E-26
    1.717198      8.4483414E-26
    1.734370      1.4828171E-25
    1.751714      2.4447332E-25
    1.769231      3.8361765E-25
    1.786923      5.2321922E-25
    1.804792      6.4014023E-25
    1.822840      5.5099481E-25
    1.841069      7.1788338E-25
    1.859479      6.9255666E-25
    1.878074      4.3851339E-25
    1.896855      3.7772603E-25
    1.915823      4.6399369E-25
    1.934982      5.3191883E-25
    1.954331      5.8488895E-25
    1.973875      5.4521834E-25
    1.993613      4.5333930E-25
    2.013550      3.4272914E-25
    2.033685      2.6941175E-25
    2.054022      1.9793461E-25
    2.074562      1.4188594E-25
    2.095308      1.0341808E-25
    2.116261      8.4244617E-26
    2.137423      7.9592076E-26
    2.158798      9.1395638E-26
    2.180386      1.2161840E-25
    2.202190      1.6735837E-25
    2.224211      1.7137213E-25
    2.246454      1.9598273E-25
    2.268918      2.3256426E-25
    2.291607      4.0303777E-25
    2.314523      4.7832185E-25
    2.337669      4.4099023E-25
    2.361045      4.4275616E-25
    2.384656      4.9179252E-25
    2.408502      7.0400446E-25
    2.432587      1.1482818E-24
    2.456913      2.0970748E-24
    2.481482      2.7482873E-24
    2.506297      3.5601566E-24
    2.531360      3.7160537E-24
    2.556674      3.4929777E-24
    2.582240      2.8504535E-24
    2.608063      1.7238208E-24
    2.634143      1.3791101E-24
    2.660485      4.5201129E-24
    2.687090      4.3458059E-24
    2.713961      3.8967047E-24
    2.741100      4.3140785E-24
    2.768511      3.6979519E-24
    2.796196      4.3093073E-24
    2.824158      4.7906042E-24
    2.852400      4.0437122E-24
    2.880924      4.0382006E-24
    2.909733      3.8674965E-24
    2.938830      3.2640782E-24
    2.968219      2.9190654E-24
    2.997901      2.4078887E-24
    3.027880      2.4002179E-24
    3.058159      2.3234191E-24
    3.088740      2.7322352E-24
    3.119628      3.0221328E-24
    3.150824      3.0372129E-24
    3.182332      2.7394076E-24
    3.214156      2.1232354E-24
    3.246297      1.6202768E-24
    3.278760      2.0414521E-24
    3.311548      5.4903773E-24
    3.344663      2.8095556E-24
    3.378110      1.5679010E-24
    3.411891      1.6765731E-24
    3.446010      1.5671626E-24
    3.480470      1.4537199E-24
    3.515275      1.3571235E-24
    3.550427      1.1872977E-24
    3.585932      8.9404570E-25
    3.621791      6.6049980E-25
    3.658009      4.8190703E-25
    3.694589      3.6566671E-25
    3.731535      2.9092996E-25
    3.768850      2.1742153E-25
    3.806539      1.8074591E-25
    3.844604      1.5691247E-25
    3.883050      1.2235245E-25
    3.921881      2.0840287E-25
    3.961099      1.5881638E-25
    4.000710      1.2754536E-25
    4.040718      1.6793301E-25
    4.081125      1.9235572E-25
    4.121936      2.2122955E-25
    4.163155      2.5774007E-25
    4.204787      2.7718074E-25
    4.246835      3.0631537E-25
    4.289303      6.3811733E-25
    4.332196      2.2645895E-24
    4.375518      5.6527550E-24
    4.419273      9.8880133E-24
    4.463466      1.5174202E-23
    4.508101      1.7976186E-23
    4.553182      1.6046910E-23
    4.598714      1.1449574E-23
    4.644701      5.4285140E-24
    4.691148      6.2818681E-24
    4.738059      9.0700752E-24
    4.785440      1.0466624E-23
    4.833294      1.1106659E-23
    4.881627      1.0694962E-23
    4.930443      9.8733849E-24
    4.979748      8.1843136E-24
    5.029545      6.6405431E-24
    5.079841      5.2096144E-24
    5.130639      4.5135616E-24
    5.181946      4.3577880E-24
    5.233765      3.8944190E-24
    5.286103      3.7398042E-24
    5.338964      4.0936342E-24
    5.392353      4.1114000E-24
    5.446277      3.6535933E-24
    5.500740      4.5833083E-24
    5.555747      4.1551039E-24
    5.611304      4.4408460E-24
    5.667418      4.6457687E-24
    5.724092      4.6105306E-24
    5.781333      4.4394627E-24
    5.839146      4.2030901E-24
    5.897537      3.8880988E-24
    5.956513      2.3319475E-24
    6.016078      3.4471485E-24
    6.076239      1.8856198E-24
    6.137001      1.9517419E-24
    6.198371      1.3966303E-24
    6.260355      1.1682104E-24
    6.322958      1.6323301E-24
    6.386188      4.1320926E-24
    6.450050      7.4766268E-24
    6.514550      8.5174393E-24
    6.579696      1.3939335E-23
    6.645493      8.7932059E-24
    6.711948      7.4611071E-24
    6.779067      1.0265924E-23
    6.846858      6.7818467E-24
    6.915326      6.3425308E-24
    6.984480      8.4791288E-24
    7.054324      7.1692711E-24
    7.124868      7.2074535E-24
    7.196116      8.0148580E-24
    7.268078      8.2422195E-24
    7.340758      7.0646832E-24
    7.414166      9.4525358E-24
    7.488308      7.0471417E-24
    7.563191      7.7682875E-24
    7.638823      7.1007698E-24
    7.715211      8.2193258E-24
    7.792363      8.3302151E-24
    7.870286      6.9805007E-24
    7.948989      6.6999243E-24
    8.028479      6.0304865E-24
    8.108764      6.6979670E-24
    8.189852      4.9879977E-24
    8.271750      5.3764003E-24
    8.354468      3.9177622E-24
    8.438012      4.2939472E-24
    8.522393      3.1568332E-24
    8.607616      2.9620050E-24
    8.693693      2.8434298E-24
    8.780630      2.2517234E-24
    8.868436      1.9795729E-24
    8.957120      1.8791999E-24
    9.046691      1.7264280E-24
    9.137158      1.4223236E-24
    9.228530      1.2872514E-24
    9.320815      1.9059394E-24
    9.414023      1.4957750E-24
    9.508164      1.1902048E-24
    9.603245      9.3396956E-25
    9.699278      8.4488115E-25
    9.796270      2.4378059E-24
    9.894233      9.9412844E-25
    9.993175      1.2793083E-24
   10.093107      9.0561601E-25
   10.194038      1.1454861E-24
   10.295979      2.1130807E-24
   10.398938      1.6719956E-24
   10.502928      1.7417477E-24
   10.607957      1.8149649E-24
   10.714037      1.7403957E-24
   10.821177      3.3418284E-24
   10.929389      5.4310780E-24
   11.038683      2.0561946E-24
   11.149070      2.3679551E-24
   11.260560      2.0471579E-24
   11.373166      2.7226415E-24
   11.486898      3.5604730E-24
   11.601766      2.5601230E-24
   11.717784      4.3847572E-24
   11.834962      3.1606311E-24
   11.953312      4.0247420E-24
   12.072845      4.8990477E-24
   12.193573      4.4817744E-24
   12.315509      5.5637621E-24
   12.438664      7.2806280E-24
   12.563051      6.6660944E-24
   12.688681      7.5423044E-24
   12.815568      6.0925341E-24
   12.943724      8.5185643E-24
   13.073161      9.2772998E-24
   13.203892      1.2506446E-23
   13.335931      1.0257360E-23
   13.469291      1.2238847E-23
   13.603984      1.4186628E-23
   13.740023      1.2938046E-23
   13.877424      1.2543575E-23
   14.016198      9.4170564E-24
   14.156360      1.7518854E-23
   14.297924      1.4869844E-23
   14.440903      1.1971756E-23
   14.585312      1.7039279E-23
   14.731165      2.1389530E-23
   14.878477      1.4588943E-23
   15.027261      2.2493819E-23
   15.177534      1.1458191E-23
   15.329309      2.2681803E-23
   15.482602      2.4385877E-23
   15.637428      2.5096990E-23
   15.793803      1.3969260E-23
   15.951741      2.4809747E-23
   16.111258      2.4085579E-23
   16.272371      2.4962284E-23
   16.435094      2.1944824E-23
   16.599445      2.4189172E-23
   16.765440      1.8510878E-23
   16.933094      2.3555045E-23
   17.102425      2.3889738E-23
   17.273449      3.8360261E-23
   17.446184      1.8255934E-23
   17.620646      2.9243090E-23
   17.796852      2.4639501E-23
   17.974821      3.4604562E-23
   18.154569      1.8252533E-23
   18.336115      3.8848106E-23
   18.519476      3.5565616E-23
   18.704670      1.4762286E-23
   18.891717      2.8870885E-23
   19.080634      2.7976111E-23
   19.271441      4.6021626E-23
   19.464155      4.0275090E-23
   19.658797      2.7989043E-23
   19.855385      2.3290549E-23
   20.053938      3.0651371E-23
   20.254478      3.7944620E-23
   20.457023      2.4731506E-23
   20.661593      1.7497020E-23
   20.868209      5.3709820E-23
   21.076891      2.7415495E-23
   21.287660      2.2312953E-23
   21.500536      4.2341151E-23
   21.715542      3.2158117E-23
   21.932697      2.2406747E-23
   22.152024      3.4688865E-23
   22.373544      4.1783870E-23
   22.597280      2.3413239E-23
   22.823253      2.7774781E-23
   23.051485      1.8591507E-23
   23.282000      5.5940687E-23
   23.514820      3.8048839E-23
   23.749968      4.4164897E-23
   23.987468      1.6540887E-23
   24.227343      2.5306978E-23
   24.469616      2.6303394E-23
   24.714312      3.8958795E-23
   24.961455      3.8993910E-23
   25.211070      3.9429285E-23
   25.463180      3.2584513E-23
   25.717812      2.5849599E-23
   25.974990      2.0575017E-23
   26.234740      3.2905587E-23
   26.497088      6.7400551E-23
   26.762059      2.6284516E-23
   27.029679      2.3505402E-23
   27.299976      1.6486301E-23
   27.572976      2.6515101E-23
   27.848705      5.2143714E-23
   28.127193      5.3272216E-23
   28.408464      3.6517729E-23
   28.692549      1.9354493E-23
   28.979475      2.0554272E-23
   29.269269      4.2636989E-23
   29.561962      2.4017396E-23
   29.857582      2.6628745E-23
