# Pressure:     3.000E-03 Ba
# Temperature:   3500.000 K
#  lambda [mu]   kappa [cm^2/mol]
    0.500000      1.1947968E-32
    0.505000      1.1536343E-32
    0.510050      1.1243222E-32
    0.515150      1.0564506E-32
    0.520302      1.0140409E-32
    0.525505      9.7335681E-33
    0.530760      1.3591918E-32
    0.536068      8.9688179E-33
    0.541428      8.6095679E-33
    0.546843      8.2648877E-33
    0.552311      7.9341758E-33
    0.557834      7.6168561E-33
    0.563413      8.5417569E-32
    0.569047      7.1186496E-33
    0.574737      1.5183022E-32
    0.580484      6.1674623E-32
    0.586289      3.0581508E-27
    0.592152      3.2314615E-32
    0.598074      1.0744029E-32
    0.604054      8.1905237E-33
    0.610095      2.3273669E-32
    0.616196      7.9527283E-33
    0.622358      8.4454257E-33
    0.628582      7.0459738E-33
    0.634867      6.7176869E-33
    0.641216      8.9942162E-33
    0.647628      1.1184922E-32
    0.654104      1.0547164E-32
    0.660645      1.2253270E-32
    0.667252      1.0579005E-32
    0.673924      1.1383558E-32
    0.680664      1.0817140E-32
    0.687470      5.9915891E-32
    0.694345      1.5688744E-32
    0.701288      2.0487766E-32
    0.708301      2.7617769E-32
    0.715384      6.3048680E-32
    0.722538      5.9754900E-32
    0.729764      6.2254668E-32
    0.737061      6.0579646E-32
    0.744432      7.6267533E-32
    0.751876      8.2160062E-32
    0.759395      8.3874071E-32
    0.766989      1.1472199E-28
    0.774659      7.9104931E-32
    0.782405      6.6830137E-32
    0.790229      6.1805386E-32
    0.798132      6.9727795E-32
    0.806113      1.5816989E-31
    0.814174      3.9954065E-30
    0.822316      1.5036020E-31
    0.830539      1.4867435E-31
    0.838844      1.8357239E-31
    0.847233      1.9601822E-31
    0.855705      1.7014504E-31
    0.864262      1.5745389E-31
    0.872905      1.5448522E-31
    0.881634      1.8384292E-31
    0.890450      2.7644098E-31
    0.899355      2.0048663E-31
    0.908348      3.1169126E-31
    0.917432      4.4648682E-31
    0.926606      1.2253164E-30
    0.935872      9.9802585E-31
    0.945231      1.7519974E-30
    0.954683      1.1360882E-30
    0.964230      1.4241594E-30
    0.973872      1.6042062E-30
    0.983611      1.3802798E-30
    0.993447      1.2429167E-30
    1.003382      1.1668917E-30
    1.013416      1.1962031E-30
    1.023550      1.1590266E-30
    1.033785      9.8609598E-31
    1.044123      8.9976938E-31
    1.054564      7.9734205E-31
    1.065110      7.4529983E-31
    1.075761      7.6469140E-31
    1.086519      1.5211349E-30
    1.097384      2.5803689E-30
    1.108358      3.6996828E-30
    1.119441      3.0989345E-30
    1.130636      4.5825411E-30
    1.141942      4.1801457E-30
    1.153361      4.3027699E-30
    1.164895      5.7015831E-30
    1.176544      8.1696575E-30
    1.188309      4.8037467E-30
    1.200192      4.4117591E-30
    1.212194      3.8059189E-30
    1.224316      3.5908195E-30
    1.236560      3.5106599E-30
    1.248925      3.6782075E-30
    1.261414      3.0300223E-30
    1.274028      2.7304614E-30
    1.286769      2.5371684E-30
    1.299636      3.0682701E-30
    1.312633      4.0503955E-30
    1.325759      9.3638206E-29
    1.339017      5.5459399E-29
    1.352407      2.9260015E-29
    1.365931      2.3724810E-29
    1.379590      2.8191631E-29
    1.393386      3.4119548E-29
    1.407320      4.3607790E-29
    1.421393      4.2804730E-29
    1.435607      4.0922247E-29
    1.449963      4.2872555E-29
    1.464463      4.0463004E-29
    1.479108      3.6398747E-29
    1.493899      3.2651848E-29
    1.508838      3.1208962E-29
    1.523926      2.8098943E-29
    1.539165      2.6848665E-29
    1.554557      8.7616516E-28
    1.570102      1.1427353E-27
    1.585803      3.1183637E-28
    1.601662      7.1340307E-28
    1.617678      1.5464919E-27
    1.633855      1.0035839E-27
    1.650193      5.3071766E-28
    1.666695      4.0763235E-28
    1.683362      4.9370025E-28
    1.700196      3.4157796E-28
    1.717198      1.7775897E-28
    1.734370      1.6827711E-28
    1.751714      1.7980675E-28
    1.769231      1.2927876E-28
    1.786923      1.0693234E-28
    1.804792      1.0756591E-28
    1.822840      9.0764263E-29
    1.841069      1.0572798E-28
    1.859479      9.1719867E-29
    1.878074      8.1783254E-29
    1.896855      6.6902086E-29
    1.915823      6.4511915E-29
    1.934982      6.5544939E-29
    1.954331      7.0191953E-29
    1.973875      8.0107597E-29
    1.993613      8.2756818E-29
    2.013550      7.4683405E-29
    2.033685      7.3503509E-29
    2.054022      6.8253376E-29
    2.074562      5.8858735E-29
    2.095308      4.9869195E-29
    2.116261      4.2471411E-29
    2.137423      3.4247816E-29
    2.158798      2.8815230E-29
    2.180386      2.4296868E-29
    2.202190      2.0654804E-29
    2.224211      1.8433269E-29
    2.246454      1.6424864E-29
    2.268918      1.5592939E-29
    2.291607      5.8031239E-26
    2.314523      1.2850441E-25
    2.337669      8.5342073E-26
    2.361045      5.3192758E-26
    2.384656      7.5090694E-26
    2.408502      9.6411392E-26
    2.432587      6.5147884E-26
    2.456913      4.2820214E-26
    2.481482      3.8238481E-26
    2.506297      2.9310219E-26
    2.531360      2.3855638E-26
    2.556674      1.5592954E-26
    2.582240      1.2019518E-26
    2.608063      8.5201410E-27
    2.634143      5.2129399E-27
    2.660485      3.6792938E-27
    2.687090      2.8162653E-27
    2.713961      2.1969442E-27
    2.741100      1.4891792E-27
    2.768511      1.0638748E-27
    2.796196      8.5654722E-28
    2.824158      7.8944879E-28
    2.852400      6.3346326E-28
    2.880924      5.7231872E-28
    2.909733      5.7780251E-28
    2.938830      5.1953424E-28
    2.968219      4.8569783E-28
    2.997901      4.3170317E-28
    3.027880      4.2971235E-28
    3.058159      3.7432126E-28
    3.088740      3.2580868E-28
    3.119628      2.9023304E-28
    3.150824      2.5913014E-28
    3.182332      2.3891214E-28
    3.214156      2.0338029E-28
    3.246297      1.8275728E-28
    3.278760      1.5261809E-28
    3.311548      1.3997367E-28
    3.344663      1.2876427E-28
    3.378110      1.1549863E-28
    3.411891      9.9794481E-29
    3.446010      9.0643391E-29
    3.480470      8.2066605E-29
    3.515275      7.4323869E-29
    3.550427      6.7395696E-29
    3.585932      6.0922208E-29
    3.621791      5.4030864E-29
    3.658009      4.7193243E-29
    3.694589      4.3483584E-29
    3.731535      3.8353199E-29
    3.768850      3.2578776E-29
    3.806539      3.1892929E-29
    3.844604      3.1822034E-29
    3.883050      2.8218214E-29
    3.921881      4.2220626E-29
    3.961099      3.2017845E-29
    4.000710      3.6343368E-29
    4.040718      4.4242720E-29
    4.081125      4.9838689E-29
    4.121936      4.9761308E-29
    4.163155      6.1606058E-29
    4.204787      8.2971829E-29
    4.246835      1.0856958E-28
    4.289303      3.6571466E-25
    4.332196      1.9065432E-24
    4.375518      2.8553718E-24
    4.419273      4.7760419E-24
    4.463466      7.0564794E-24
    4.508101      6.3014689E-24
    4.553182      6.1983023E-24
    4.598714      4.8848258E-24
    4.644701      3.1541745E-24
    4.691148      2.7535989E-24
    4.738059      3.3356500E-24
    4.785440      3.5784924E-24
    4.833294      2.7531801E-24
    4.881627      2.8514901E-24
    4.930443      2.6437429E-24
    4.979748      2.4063188E-24
    5.029545      2.6837256E-24
    5.079841      1.9891839E-24
    5.130639      1.6415197E-24
    5.181946      1.5071597E-24
    5.233765      1.3583238E-24
    5.286103      1.2242571E-24
    5.338964      7.3920361E-25
    5.392353      5.6170583E-25
    5.446277      4.4483326E-25
    5.500740      3.6520052E-25
    5.555747      2.6964143E-25
    5.611304      1.9037321E-25
    5.667418      1.1439199E-25
    5.724092      8.8668071E-26
    5.781333      6.7654064E-26
    5.839146      4.1899583E-26
    5.897537      2.9799335E-26
    5.956513      1.9971583E-26
    6.016078      1.4170075E-26
    6.076239      8.9040550E-27
    6.137001      7.6819219E-27
    6.198371      5.2530655E-27
    6.260355      3.4468628E-27
    6.322958      2.1619024E-27
    6.386188      1.8400431E-27
    6.450050      1.7162739E-27
    6.514550      1.3616813E-27
    6.579696      1.4137877E-27
    6.645493      1.2831038E-27
    6.711948      1.1015436E-27
    6.779067      1.2104399E-27
    6.846858      9.7769025E-28
    6.915326      8.8888515E-28
    6.984480      9.6065386E-28
    7.054324      8.1193719E-28
    7.124868      7.3724063E-28
    7.196116      8.7150325E-28
    7.268078      8.3657426E-28
    7.340758      7.2288150E-28
    7.414166      8.0851857E-28
    7.488308      7.6745955E-28
    7.563191      8.9870916E-28
    7.638823      7.2289872E-28
    7.715211      7.2729529E-28
    7.792363      8.1677305E-28
    7.870286      7.9083602E-28
    7.948989      8.1315343E-28
    8.028479      8.9349088E-28
    8.108764      9.4204154E-28
    8.189852      8.0552352E-28
    8.271750      9.2547613E-28
    8.354468      7.0570644E-28
    8.438012      7.9060857E-28
    8.522393      7.0470612E-28
    8.607616      6.3544913E-28
    8.693693      6.8461481E-28
    8.780630      5.9899236E-28
    8.868436      5.5025415E-28
    8.957120      5.4027864E-28
    9.046691      5.5345149E-28
    9.137158      5.1250678E-28
    9.228530      4.8560138E-28
    9.320815      6.0160720E-28
    9.414023      5.8132822E-28
    9.508164      5.3233513E-28
    9.603245      4.8861116E-28
    9.699278      4.9280195E-28
    9.796270      7.3049548E-28
    9.894233      5.6285995E-28
    9.993175      7.1244077E-28
   10.093107      5.9564850E-28
   10.194038      6.5891185E-28
   10.295979      8.2641305E-28
   10.398938      8.6706809E-28
   10.502928      8.6709426E-28
   10.607957      1.4313655E-27
   10.714037      9.8819626E-28
   10.821177      1.4050757E-27
   10.929389      1.2184755E-27
   11.038683      1.2320455E-27
   11.149070      1.3643814E-27
   11.260560      1.3721373E-27
   11.373166      1.4886450E-27
   11.486898      1.8708136E-27
   11.601766      1.1431345E-27
   11.717784      1.8198652E-27
   11.834962      1.5368546E-27
   11.953312      2.1324656E-27
   12.072845      2.1754290E-27
   12.193573      1.7655303E-27
   12.315509      2.3100028E-27
   12.438664      2.9112459E-27
   12.563051      2.3232747E-27
   12.688681      2.5609804E-27
   12.815568      2.3663502E-27
   12.943724      2.8093725E-27
   13.073161      2.7215755E-27
   13.203892      3.6425651E-27
   13.335931      2.8556750E-27
   13.469291      3.1306272E-27
   13.603984      3.6375764E-27
   13.740023      3.4329386E-27
   13.877424      3.1737944E-27
   14.016198      2.9423163E-27
   14.156360      3.1637162E-27
   14.297924      3.3957580E-27
   14.440903      3.2062903E-27
   14.585312      4.3229555E-27
   14.731165      4.4335940E-27
   14.878477      3.6304887E-27
   15.027261      3.8887031E-27
   15.177534      2.7330943E-27
   15.329309      5.1087216E-27
   15.482602      4.2117417E-27
   15.637428      4.2437671E-27
   15.793803      2.5486839E-27
   15.951741      4.6364880E-27
   16.111258      4.9257820E-27
   16.272371      3.1671033E-27
   16.435094      3.3381564E-27
   16.599445      3.2406927E-27
   16.765440      3.7010200E-27
   16.933094      2.7998827E-27
   17.102425      4.0951217E-27
   17.273449      5.8681207E-27
   17.446184      3.1138806E-27
   17.620646      4.7857616E-27
   17.796852      3.7066082E-27
   17.974821      5.2713703E-27
   18.154569      2.2377408E-27
   18.336115      5.5861355E-27
   18.519476      5.7778023E-27
   18.704670      2.4129354E-27
   18.891717      4.6243246E-27
   19.080634      4.3860572E-27
   19.271441      6.3700528E-27
   19.464155      4.5089569E-27
   19.658797      3.4307211E-27
   19.855385      2.2252641E-27
   20.053938      4.6913837E-27
   20.254478      4.5923126E-27
   20.457023      2.6226869E-27
   20.661593      2.9400648E-27
   20.868209      5.6674774E-27
   21.076891      3.1443028E-27
   21.287660      1.9556228E-27
   21.500536      4.4614150E-27
   21.715542      3.8518638E-27
   21.932697      2.3785107E-27
   22.152024      3.0005899E-27
   22.373544      5.1854494E-27
   22.597280      2.3388875E-27
   22.823253      3.2081698E-27
   23.051485      2.2236485E-27
   23.282000      5.5003658E-27
   23.514820      3.4602323E-27
   23.749968      3.3208020E-27
   23.987468      1.6047590E-27
   24.227343      4.1039132E-27
   24.469616      3.2136655E-27
   24.714312      3.8434748E-27
   24.961455      2.0649331E-27
   25.211070      4.1019638E-27
   25.463180      4.2290302E-27
   25.717812      3.6130064E-27
   25.974990      1.8402433E-27
   26.234740      2.6875757E-27
   26.497088      5.8207766E-27
   26.762059      2.0522239E-27
   27.029679      3.8512385E-27
   27.299976      1.6661242E-27
   27.572976      2.7041883E-27
   27.848705      4.6611063E-27
   28.127193      4.6231364E-27
   28.408464      4.7188688E-27
   28.692549      1.5436197E-27
   28.979475      2.2453627E-27
   29.269269      5.2077627E-27
   29.561962      2.2621104E-27
   29.857582      4.1862779E-27
