# Pressure:     3.000E-04 Ba
# Temperature:   1700.000 K
#  lambda [mu]   kappa [cm^2/mol]
    0.500000      7.9194192E-30
    0.505000      6.6452973E-30
    0.510050      6.8256684E-30
    0.515150      3.9067384E-30
    0.520302      2.4735901E-30
    0.525505      2.5412385E-30
    0.530760      3.6082011E-30
    0.536068      4.2851261E-30
    0.541428      5.3931562E-30
    0.546843      5.1282092E-30
    0.552311      4.0826828E-30
    0.557834      2.9921572E-30
    0.563413      9.3239300E-30
    0.569047      8.9807800E-30
    0.574737      1.4840650E-29
    0.580484      4.5297464E-29
    0.586289      5.7250531E-24
    0.592152      7.1404463E-29
    0.598074      5.4629170E-29
    0.604054      3.5962736E-29
    0.610095      2.2339949E-29
    0.616196      2.4277481E-29
    0.622358      2.9561888E-29
    0.628582      2.4354050E-29
    0.634867      2.6183009E-29
    0.641216      6.5229377E-29
    0.647628      6.4291674E-29
    0.654104      6.8314904E-29
    0.660645      5.8531130E-29
    0.667252      4.2118801E-29
    0.673924      4.0240821E-29
    0.680664      3.0892761E-29
    0.687470      2.0326257E-28
    0.694345      8.8021886E-29
    0.701288      1.3478027E-28
    0.708301      2.1605730E-28
    0.715384      6.5690037E-28
    0.722538      5.3650056E-28
    0.729764      5.7124862E-28
    0.737061      4.5118817E-28
    0.744432      3.9961782E-28
    0.751876      3.2850869E-28
    0.759395      2.7351937E-28
    0.766989      1.2952326E-24
    0.774659      1.8169499E-28
    0.782405      1.9679673E-28
    0.790229      1.7603738E-28
    0.798132      2.5434522E-28
    0.806113      1.2001998E-27
    0.814174      9.0826772E-28
    0.822316      9.3329563E-28
    0.830539      8.9218727E-28
    0.838844      8.8355125E-28
    0.847233      7.4909873E-28
    0.855705      5.1691834E-28
    0.864262      4.0970279E-28
    0.872905      3.3719510E-28
    0.881634      5.3915499E-28
    0.890450      1.8599789E-27
    0.899355      8.9592662E-28
    0.908348      1.8555898E-27
    0.917432      3.2597824E-27
    0.926606      1.3142110E-26
    0.935872      7.6050271E-27
    0.945231      2.4198643E-26
    0.954683      1.1019934E-26
    0.964230      9.9296632E-27
    0.973872      8.8574968E-27
    0.983611      6.2216085E-27
    0.993447      4.8148492E-27
    1.003382      3.7231582E-27
    1.013416      2.9144202E-27
    1.023550      2.3316873E-27
    1.033785      1.7105000E-27
    1.044123      1.3765312E-27
    1.054564      1.1910590E-27
    1.065110      1.1024524E-27
    1.075761      1.1693805E-27
    1.086519      5.3335780E-27
    1.097384      1.4579414E-26
    1.108358      2.8349864E-26
    1.119441      2.0451167E-26
    1.130636      2.8834075E-26
    1.141942      2.1068569E-26
    1.153361      2.2564966E-26
    1.164895      2.7264014E-26
    1.176544      2.0327707E-26
    1.188309      1.5901438E-26
    1.200192      1.1757625E-26
    1.212194      8.5586498E-27
    1.224316      6.7889891E-27
    1.236560      5.2314526E-27
    1.248925      4.5212954E-27
    1.261414      4.9013641E-27
    1.274028      5.2373628E-27
    1.286769      6.3370972E-27
    1.299636      8.1031903E-27
    1.312633      1.2585618E-26
    1.325759      6.5350204E-25
    1.339017      5.3191798E-25
    1.352407      3.0623596E-25
    1.365931      1.8354452E-25
    1.379590      2.7795298E-25
    1.393386      2.9251659E-25
    1.407320      3.7125210E-25
    1.421393      3.2826109E-25
    1.435607      2.7658323E-25
    1.449963      2.4675821E-25
    1.464463      1.8294946E-25
    1.479108      1.4342099E-25
    1.493899      1.1493143E-25
    1.508838      9.6196647E-26
    1.523926      7.4514307E-26
    1.539165      5.7611525E-26
    1.554557      4.5147732E-26
    1.570102      3.3280386E-26
    1.585803      2.5240820E-26
    1.601662      1.9381643E-26
    1.617678      1.5953500E-26
    1.633855      1.2811825E-26
    1.650193      1.1559679E-26
    1.666695      9.6416631E-27
    1.683362      1.3486293E-26
    1.700196      2.4415108E-26
    1.717198      5.7529181E-26
    1.734370      1.0427519E-25
    1.751714      1.8482147E-25
    1.769231      3.0854357E-25
    1.786923      4.3562970E-25
    1.804792      5.7537147E-25
    1.822840      5.1704496E-25
    1.841069      6.4771277E-25
    1.859479      6.1462069E-25
    1.878074      3.7340932E-25
    1.896855      3.4783663E-25
    1.915823      3.9716469E-25
    1.934982      4.9782377E-25
    1.954331      5.2690492E-25
    1.973875      4.5255813E-25
    1.993613      3.7710143E-25
    2.013550      2.7544125E-25
    2.033685      2.1565130E-25
    2.054022      1.5373146E-25
    2.074562      1.0440683E-25
    2.095308      7.2029498E-26
    2.116261      4.9535055E-26
    2.137423      3.6374889E-26
    2.158798      2.9809921E-26
    2.180386      2.6749184E-26
    2.202190      2.7072175E-26
    2.224211      3.0528825E-26
    2.246454      2.8995326E-26
    2.268918      3.5135878E-26
    2.291607      1.1749252E-25
    2.314523      2.1977947E-25
    2.337669      1.5690313E-25
    2.361045      2.1042996E-25
    2.384656      2.8704773E-25
    2.408502      4.4224083E-25
    2.432587      7.6549550E-25
    2.456913      1.6805110E-24
    2.481482      2.2320853E-24
    2.506297      3.1344649E-24
    2.531360      3.4652584E-24
    2.556674      3.5726434E-24
    2.582240      2.7635791E-24
    2.608063      1.7452282E-24
    2.634143      1.1765095E-24
    2.660485      4.3532870E-24
    2.687090      3.8591267E-24
    2.713961      4.0021683E-24
    2.741100      4.2766657E-24
    2.768511      3.3773898E-24
    2.796196      3.8503215E-24
    2.824158      4.2659961E-24
    2.852400      3.6203147E-24
    2.880924      3.2270214E-24
    2.909733      3.4549431E-24
    2.938830      2.7337404E-24
    2.968219      2.2898481E-24
    2.997901      1.7580042E-24
    3.027880      1.7202574E-24
    3.058159      1.2078643E-24
    3.088740      1.0338201E-24
    3.119628      8.6717124E-25
    3.150824      6.7861297E-25
    3.182332      6.2306787E-25
    3.214156      4.5642825E-25
    3.246297      3.8942439E-25
    3.278760      3.4102568E-25
    3.311548      2.8536932E-25
    3.344663      2.8587788E-25
    3.378110      2.6235414E-25
    3.411891      2.2257402E-25
    3.446010      2.0396209E-25
    3.480470      1.7938923E-25
    3.515275      1.5586551E-25
    3.550427      1.2977632E-25
    3.585932      1.1061013E-25
    3.621791      8.5840489E-26
    3.658009      7.3866875E-26
    3.694589      5.7913114E-26
    3.731535      5.2742783E-26
    3.768850      4.2898357E-26
    3.806539      4.1849511E-26
    3.844604      5.5023762E-26
    3.883050      3.4041202E-26
    3.921881      9.4764936E-26
    3.961099      4.9559014E-26
    4.000710      6.8198159E-26
    4.040718      1.0253822E-25
    4.081125      1.3231243E-25
    4.121936      1.5534200E-25
    4.163155      1.9047244E-25
    4.204787      2.1968409E-25
    4.246835      2.3627743E-25
    4.289303      3.2441068E-25
    4.332196      7.2306195E-25
    4.375518      2.2286405E-24
    4.419273      3.3768305E-24
    4.463466      6.8138590E-24
    4.508101      7.8586292E-24
    4.553182      9.0847360E-24
    4.598714      8.1071545E-24
    4.644701      3.9227561E-24
    4.691148      5.1605723E-24
    4.738059      5.5106128E-24
    4.785440      5.0321800E-24
    4.833294      4.6782458E-24
    4.881627      5.1817015E-24
    4.930443      5.2023410E-24
    4.979748      4.4524168E-24
    5.029545      3.8040286E-24
    5.079841      3.1482670E-24
    5.130639      2.9792345E-24
    5.181946      2.9752854E-24
    5.233765      3.5284038E-24
    5.286103      2.8066516E-24
    5.338964      3.5779264E-24
    5.392353      3.4862059E-24
    5.446277      2.7053871E-24
    5.500740      4.0413283E-24
    5.555747      3.9353049E-24
    5.611304      4.2341338E-24
    5.667418      5.5217872E-24
    5.724092      4.6541239E-24
    5.781333      4.1257495E-24
    5.839146      3.9178861E-24
    5.897537      3.1350527E-24
    5.956513      1.6086890E-24
    6.016078      2.9498443E-24
    6.076239      1.7281652E-24
    6.137001      1.5166606E-24
    6.198371      1.1784755E-24
    6.260355      9.1103018E-25
    6.322958      1.2087131E-24
    6.386188      3.1315177E-24
    6.450050      6.5876907E-24
    6.514550      7.2553497E-24
    6.579696      1.3697466E-23
    6.645493      7.2123069E-24
    6.711948      5.9976537E-24
    6.779067      9.2522082E-24
    6.846858      5.5698851E-24
    6.915326      5.3417730E-24
    6.984480      7.3493156E-24
    7.054324      5.6586140E-24
    7.124868      4.7584707E-24
    7.196116      5.8489474E-24
    7.268078      6.3387347E-24
    7.340758      4.0955830E-24
    7.414166      7.1512820E-24
    7.488308      5.0389629E-24
    7.563191      5.7307762E-24
    7.638823      4.2517132E-24
    7.715211      4.2209332E-24
    7.792363      4.8242779E-24
    7.870286      4.2076874E-24
    7.948989      4.2922026E-24
    8.028479      4.2387306E-24
    8.108764      4.8810511E-24
    8.189852      3.1252603E-24
    8.271750      3.9761077E-24
    8.354468      2.2935212E-24
    8.438012      2.5911062E-24
    8.522393      1.9197303E-24
    8.607616      1.7687432E-24
    8.693693      1.6875926E-24
    8.780630      1.5137147E-24
    8.868436      1.3165996E-24
    8.957120      1.3082888E-24
    9.046691      1.1903281E-24
    9.137158      9.3514511E-25
    9.228530      8.7056895E-25
    9.320815      1.6637840E-24
    9.414023      1.1569444E-24
    9.508164      9.1162053E-25
    9.603245      6.8893159E-25
    9.699278      7.0533970E-25
    9.796270      2.0198541E-24
    9.894233      7.0434643E-25
    9.993175      1.0477422E-24
   10.093107      7.3789041E-25
   10.194038      7.3881034E-25
   10.295979      1.4841434E-24
   10.398938      1.1755447E-24
   10.502928      1.1295174E-24
   10.607957      2.3926622E-24
   10.714037      8.9987684E-25
   10.821177      2.9574961E-24
   10.929389      1.8593567E-24
   11.038683      1.3013819E-24
   11.149070      1.8459710E-24
   11.260560      1.3597176E-24
   11.373166      1.7492198E-24
   11.486898      2.8733328E-24
   11.601766      1.8478312E-24
   11.717784      3.4563812E-24
   11.834962      2.2359296E-24
   11.953312      2.8639766E-24
   12.072845      3.1376375E-24
   12.193573      3.0784858E-24
   12.315509      4.2281560E-24
   12.438664      5.5248260E-24
   12.563051      4.6767432E-24
   12.688681      4.6228985E-24
   12.815568      3.7676537E-24
   12.943724      6.2688925E-24
   13.073161      5.7325622E-24
   13.203892      8.7544029E-24
   13.335931      6.2198204E-24
   13.469291      6.5150485E-24
   13.603984      9.0919566E-24
   13.740023      9.7527386E-24
   13.877424      8.9724558E-24
   14.016198      6.5328512E-24
   14.156360      8.8243716E-24
   14.297924      8.0934895E-24
   14.440903      1.0047348E-23
   14.585312      1.4596419E-23
   14.731165      1.2889320E-23
   14.878477      8.9473664E-24
   15.027261      1.3406698E-23
   15.177534      6.6808370E-24
   15.329309      1.7150392E-23
   15.482602      1.4448933E-23
   15.637428      1.4259669E-23
   15.793803      6.3280151E-24
   15.951741      1.8955091E-23
   16.111258      1.8355838E-23
   16.272371      1.0778609E-23
   16.435094      1.1825583E-23
   16.599445      1.3947052E-23
   16.765440      1.3494158E-23
   16.933094      8.1453688E-24
   17.102425      1.5760257E-23
   17.273449      2.6389272E-23
   17.446184      1.0322362E-23
   17.620646      1.7779468E-23
   17.796852      1.7357804E-23
   17.974821      2.1166027E-23
   18.154569      6.7750951E-24
   18.336115      2.9685323E-23
   18.519476      3.0660676E-23
   18.704670      6.1929205E-24
   18.891717      2.4676813E-23
   19.080634      1.9531459E-23
   19.271441      4.2055277E-23
   19.464155      1.8743118E-23
   19.658797      1.3841191E-23
   19.855385      5.7824489E-24
   20.053938      2.7138671E-23
   20.254478      2.1289167E-23
   20.457023      1.1941406E-23
   20.661593      1.4589073E-23
   20.868209      3.0982751E-23
   21.076891      1.5702337E-23
   21.287660      4.0279199E-24
   21.500536      2.0492684E-23
   21.715542      2.3544995E-23
   21.932697      1.3078357E-23
   22.152024      1.7144606E-23
   22.373544      2.4704173E-23
   22.597280      7.9082398E-24
   22.823253      1.6770793E-23
   23.051485      9.0078338E-24
   23.282000      3.8904717E-23
   23.514820      2.2628848E-23
   23.749968      1.7743968E-23
   23.987468      5.7862393E-24
   24.227343      1.9188616E-23
   24.469616      1.4031952E-23
   24.714312      2.0470173E-23
   24.961455      1.4865215E-23
   25.211070      2.4366506E-23
   25.463180      2.7181103E-23
   25.717812      2.2142687E-23
   25.974990      8.1411309E-24
   26.234740      1.3123775E-23
   26.497088      5.1471551E-23
   26.762059      9.8447347E-24
   27.029679      1.5736696E-23
   27.299976      6.4167165E-24
   27.572976      1.1609877E-23
   27.848705      3.1207513E-23
   28.127193      4.4532317E-23
   28.408464      3.4718475E-23
   28.692549      6.7481794E-24
   28.979475      8.2492000E-24
   29.269269      3.8708278E-23
   29.561962      1.1192474E-23
   29.857582      1.5795909E-23
