# Pressure:     3.000E+00 Ba
# Temperature:    180.000 K
#  lambda [mu]   kappa [cm^2/mol]
    0.500000      1.3659119E-31
    0.505000      1.3109623E-31
    0.510050      1.2582553E-31
    0.515150      1.2076975E-31
    0.520302      1.1591995E-31
    0.525505      1.4072066E-31
    0.530760      1.0680663E-31
    0.536068      1.0252262E-31
    0.541428      9.8414707E-32
    0.546843      9.4473473E-32
    0.552311      9.0692031E-32
    0.557834      8.7063787E-32
    0.563413      8.3582425E-32
    0.569047      8.0241897E-32
    0.574737      7.7036410E-32
    0.580484      7.3960413E-32
    0.586289      7.1008592E-32
    0.592152      6.8175853E-32
    0.598074      6.5457318E-32
    0.604054      6.2848310E-32
    0.610095      6.0344352E-32
    0.616196      5.7941151E-32
    0.622358      5.7927445E-32
    0.628582      8.4407696E-32
    0.634867      5.1295808E-32
    0.641216      1.8204729E-31
    0.647628      4.7298388E-32
    0.654104      1.5919251E-31
    0.660645      4.3615132E-32
    0.667252      4.1883425E-32
    0.673924      4.0221048E-32
    0.680664      3.8625193E-32
    0.687470      3.7093165E-32
    0.694345      3.8547500E-32
    0.701288      3.4210368E-32
    0.708301      3.2854747E-32
    0.715384      9.3529797E-32
    0.722538      6.6036301E-32
    0.729764      6.6387385E-32
    0.737061      2.7952034E-32
    0.744432      2.6846034E-32
    0.751876      2.5784090E-32
    0.759395      2.4764430E-32
    0.766989      2.3785354E-32
    0.774659      2.2845232E-32
    0.782405      2.1942499E-32
    0.790229      1.3025760E-31
    0.798132      4.3226128E-31
    0.806113      2.8439264E-32
    0.814174      8.6308102E-32
    0.822316      1.9918886E-30
    0.830539      9.7563169E-29
    0.838844      2.8873695E-28
    0.847233      2.6187611E-28
    0.855705      3.3470714E-28
    0.864262      4.5971316E-28
    0.872905      7.9956879E-28
    0.881634      1.1939938E-27
    0.890450      1.4775900E-26
    0.899355      7.5199013E-27
    0.908348      3.3176157E-28
    0.917432      2.4057710E-28
    0.926606      5.0032166E-28
    0.935872      2.5633595E-28
    0.945231      1.0840912E-28
    0.954683      1.6512697E-28
    0.964230      6.2114615E-28
    0.973872      1.2562481E-27
    0.983611      4.3319756E-27
    0.993447      4.4866715E-27
    1.003382      3.9016328E-27
    1.013416      8.0126007E-27
    1.023550      1.5734495E-26
    1.033785      7.7174152E-27
    1.044123      1.6060984E-27
    1.054564      5.7266164E-28
    1.065110      9.8285986E-28
    1.075761      1.1550551E-27
    1.086519      7.6895523E-28
    1.097384      6.4961150E-28
    1.108358      1.2411737E-27
    1.119441      1.2571976E-26
    1.130636      1.2763599E-26
    1.141942      4.1946757E-27
    1.153361      4.0240786E-26
    1.164895      7.9665894E-26
    1.176544      2.8453019E-26
    1.188309      1.0790918E-26
    1.200192      1.7487004E-26
    1.212194      2.0638253E-26
    1.224316      8.7012583E-27
    1.236560      9.9706603E-28
    1.248925      2.3094686E-27
    1.261414      2.3660429E-27
    1.274028      2.2220996E-27
    1.286769      1.1173721E-26
    1.299636      1.4880015E-26
    1.312633      1.7367436E-26
    1.325759      2.2968174E-26
    1.339017      1.9614041E-26
    1.352407      4.3629118E-26
    1.365931      3.1041556E-26
    1.379590      4.4949158E-26
    1.393386      6.1221536E-26
    1.407320      3.2335337E-26
    1.421393      1.2359933E-26
    1.435607      1.8216165E-26
    1.449963      1.7049424E-26
    1.464463      3.5363653E-26
    1.479108      9.4875834E-26
    1.493899      2.2061118E-25
    1.508838      2.1544594E-25
    1.523926      9.4356947E-26
    1.539165      2.8739283E-26
    1.554557      6.9439165E-27
    1.570102      4.1030527E-27
    1.585803      1.7984694E-27
    1.601662      1.3325120E-27
    1.617678      1.2613149E-26
    1.633855      1.7161841E-25
    1.650193      1.3815612E-25
    1.666695      8.8570384E-26
    1.683362      8.4935192E-26
    1.700196      1.6879886E-25
    1.717198      1.4081974E-25
    1.734370      5.3787318E-26
    1.751714      2.3964366E-26
    1.769231      8.0707946E-26
    1.786923      8.6147720E-26
    1.804792      3.3477632E-26
    1.822840      1.3193777E-26
    1.841069      9.2769087E-27
    1.859479      3.7927003E-27
    1.878074      2.4948562E-27
    1.896855      7.9056532E-27
    1.915823      3.6306908E-26
    1.934982      2.1869854E-25
    1.954331      4.9158061E-25
    1.973875      4.3413548E-25
    1.993613      3.3391495E-25
    2.013550      9.1033174E-26
    2.033685      1.8647416E-26
    2.054022      6.3768789E-27
    2.074562      1.4065748E-27
    2.095308      2.9201288E-28
    2.116261      1.8767931E-27
    2.137423      1.4383638E-26
    2.158798      9.3349632E-26
    2.180386      1.0245208E-25
    2.202190      4.0459414E-25
    2.224211      7.9740620E-25
    2.246454      1.1661869E-24
    2.268918      1.6619492E-24
    2.291607      1.7249738E-24
    2.314523      1.0918193E-24
    2.337669      1.5231820E-24
    2.361045      1.8947058E-24
    2.384656      5.7776176E-25
    2.408502      1.6662097E-25
    2.432587      7.1035979E-26
    2.456913      2.7463016E-26
    2.481482      2.3584349E-26
    2.506297      3.2130940E-26
    2.531360      2.6075165E-26
    2.556674      1.6350167E-25
    2.582240      1.2271231E-25
    2.608063      2.0823776E-26
    2.634143      3.4322010E-27
    2.660485      1.3618575E-27
    2.687090      6.9267026E-28
    2.713961      5.8444153E-28
    2.741100      8.9487928E-28
    2.768511      5.7850316E-27
    2.796196      5.0856737E-26
    2.824158      2.2694693E-25
    2.852400      3.6736788E-25
    2.880924      6.0202011E-25
    2.909733      7.3338715E-25
    2.938830      6.8523560E-25
    2.968219      3.3594814E-25
    2.997901      2.3897561E-25
    3.027880      3.1458742E-25
    3.058159      2.6767166E-25
    3.088740      2.8866345E-25
    3.119628      1.5918983E-25
    3.150824      4.4521461E-25
    3.182332      6.9905430E-24
    3.214156      1.9638925E-23
    3.246297      2.7330929E-23
    3.278760      8.9067713E-24
    3.311548      4.3843173E-24
    3.344663      1.6675876E-23
    3.378110      1.0476345E-23
    3.411891      3.0024467E-24
    3.446010      9.3618155E-25
    3.480470      6.6149090E-25
    3.515275      1.3422730E-24
    3.550427      6.4109503E-25
    3.585932      4.0806518E-25
    3.621791      3.2521589E-25
    3.658009      1.4616741E-25
    3.694589      2.4240465E-25
    3.731535      1.3826972E-25
    3.768850      1.0155441E-25
    3.806539      9.8312545E-26
    3.844604      1.1686749E-25
    3.883050      8.9348035E-26
    3.921881      6.5544218E-26
    3.961099      5.7633905E-26
    4.000710      4.7988657E-26
    4.040718      3.4332025E-26
    4.081125      1.6483418E-26
    4.121936      5.2522266E-27
    4.163155      2.8106771E-27
    4.204787      9.4991122E-27
    4.246835      4.9077751E-27
    4.289303      2.0596664E-27
    4.332196      3.9979258E-27
    4.375518      1.7422854E-27
    4.419273      1.3327523E-27
    4.463466      4.1214266E-28
    4.508101      2.3824225E-28
    4.553182      7.5867280E-29
    4.598714      2.2370206E-29
    4.644701      1.0004939E-29
    4.691148      8.4279998E-30
    4.738059      1.3016027E-29
    4.785440      2.8317924E-29
    4.833294      5.7731614E-29
    4.881627      7.4335383E-29
    4.930443      1.0950607E-28
    4.979748      4.2295812E-29
    5.029545      2.6561180E-29
    5.079841      1.0184042E-28
    5.130639      2.2147454E-28
    5.181946      7.6793704E-28
    5.233765      4.7318029E-28
    5.286103      1.0246307E-26
    5.338964      6.0106912E-27
    5.392353      1.1961087E-26
    5.446277      1.7319480E-26
    5.500740      6.1879348E-26
    5.555747      1.6117234E-25
    5.611304      2.1786122E-25
    5.667418      6.5579431E-25
    5.724092      1.4208400E-24
    5.781333      1.2263807E-24
    5.839146      1.3656173E-24
    5.897537      2.5904786E-24
    5.956513      9.8281899E-25
    6.016078      6.9157410E-25
    6.076239      2.1364660E-24
    6.137001      7.1851611E-24
    6.198371      1.0297059E-24
    6.260355      1.0927499E-24
    6.322958      1.1867296E-24
    6.386188      2.0860726E-24
    6.450050      1.9308824E-24
    6.514550      1.1703069E-24
    6.579696      9.8830145E-25
    6.645493      5.8319808E-25
    6.711948      3.5376569E-25
    6.779067      2.2374190E-25
    6.846858      1.7538520E-25
    6.915326      9.4237739E-26
    6.984480      5.7639889E-26
    7.054324      4.0023406E-26
    7.124868      4.4829273E-26
    7.196116      2.0539757E-25
    7.268078      1.4232554E-24
    7.340758      9.5422894E-24
    7.414166      2.6903125E-23
    7.488308      2.2752913E-23
    7.563191      8.5490578E-24
    7.638823      7.2281053E-23
    7.715211      1.1569112E-23
    7.792363      9.1478297E-24
    7.870286      1.0390794E-23
    7.948989      4.1950514E-24
    8.028479      1.6038826E-24
    8.108764      5.0674099E-25
    8.189852      2.0282326E-25
    8.271750      6.6361656E-26
    8.354468      4.5659547E-26
    8.438012      2.2766083E-25
    8.522393      3.5243243E-26
    8.607616      2.0690822E-25
    8.693693      1.1334067E-24
    8.780630      2.7338428E-25
    8.868436      3.3746480E-24
    8.957120      6.6115170E-25
    9.046691      1.3276084E-24
    9.137158      9.7588086E-24
    9.228530      4.4402179E-24
    9.320815      1.1040468E-23
    9.414023      6.5438307E-24
    9.508164      1.8663280E-23
    9.603245      1.6386425E-23
    9.699278      6.9335557E-24
    9.796270      1.2997671E-23
    9.894233      2.4806742E-24
    9.993175      1.9891254E-23
   10.093107      2.1837248E-25
   10.194038      2.6016344E-25
   10.295979      6.5096906E-23
   10.398938      1.4514125E-24
   10.502928      9.4269242E-24
   10.607957      6.3769616E-25
   10.714037      7.3093285E-23
   10.821177      2.7341638E-24
   10.929389      1.0121311E-24
   11.038683      2.2715578E-25
   11.149070      1.0340021E-23
   11.260560      1.0764673E-24
   11.373166      3.3198957E-25
   11.486898      7.7576058E-24
   11.601766      1.8319109E-25
   11.717784      7.1820511E-24
   11.834962      1.1047419E-25
   11.953312      5.2654352E-24
   12.072845      2.0075334E-24
   12.193573      3.2348913E-24
   12.315509      1.1812881E-24
   12.438664      2.1614234E-25
   12.563051      5.4224080E-25
   12.688681      3.3099279E-25
   12.815568      4.2690276E-25
   12.943724      3.2250918E-25
   13.073161      1.6867483E-25
   13.203892      1.3136366E-25
   13.335931      1.1785649E-25
   13.469291      5.2274667E-26
   13.603984      3.7983755E-26
   13.740023      5.3946612E-26
   13.877424      1.3962478E-26
   14.016198      4.0731516E-26
   14.156360      8.4100419E-27
   14.297924      3.9688883E-27
   14.440903      2.4309627E-26
   14.585312      2.9226094E-27
   14.731165      3.3575978E-27
   14.878477      1.3092309E-26
   15.027261      1.8305815E-27
   15.177534      2.5205249E-27
   15.329309      2.0733871E-26
   15.482602      5.9604441E-27
   15.637428      1.5952768E-26
   15.793803      1.5392791E-25
   15.951741      6.2660237E-26
   16.111258      1.0734028E-26
   16.272371      3.9107969E-27
   16.435094      1.6033790E-27
   16.599445      7.2514737E-28
   16.765440      2.2456882E-27
   16.933094      3.6340090E-27
   17.102425      3.6842861E-28
   17.273449      9.7540683E-28
   17.446184      1.8352197E-26
   17.620646      3.4593452E-28
   17.796852      1.3601114E-27
   17.974821      3.5804419E-26
   18.154569      1.0636733E-26
   18.336115      4.0845186E-28
   18.519476      6.7976521E-27
   18.704670      1.0931977E-26
   18.891717      1.2141066E-27
   19.080634      1.0919294E-26
   19.271441      7.0443353E-27
   19.464155      3.3704033E-27
   19.658797      3.8281844E-27
   19.855385      6.9047844E-27
   20.053938      2.2593215E-27
   20.254478      3.7874236E-27
   20.457023      3.9905321E-27
   20.661593      9.5628712E-28
   20.868209      5.8534452E-28
   21.076891      7.3636824E-28
   21.287660      8.7742993E-28
   21.500536      1.2550762E-27
   21.715542      4.0209680E-28
   21.932697      8.6359250E-28
   22.152024      1.6689197E-28
   22.373544      3.9638653E-28
   22.597280      8.1130319E-28
   22.823253      1.8098596E-28
   23.051485      3.6524499E-28
   23.282000      2.5767117E-28
   23.514820      8.1914376E-28
   23.749968      9.2871430E-28
   23.987468      2.2595784E-28
   24.227343      6.6043929E-28
   24.469616      6.3876597E-28
   24.714312      7.4014603E-28
   24.961455      5.9639296E-28
   25.211070      3.1096219E-28
   25.463180      3.0266134E-28
   25.717812      1.6003382E-27
   25.974990      7.0590399E-28
   26.234740      1.2685125E-27
   26.497088      1.1000938E-27
   26.762059      1.0533414E-27
   27.029679      2.0208781E-28
   27.299976      2.8216568E-28
   27.572976      8.7296462E-28
   27.848705      1.4328290E-27
   28.127193      1.0809777E-27
   28.408464      1.6130091E-27
   28.692549      5.8301415E-28
   28.979475      6.4155912E-28
   29.269269      1.2319018E-27
   29.561962      1.4576356E-27
   29.857582      5.6097682E-27
