# Pressure:     3.000E-03 Ba
# Temperature:    180.000 K
#  lambda [mu]   kappa [cm^2/mol]
    0.500000      4.1703153E-29
    0.505000      3.4065951E-29
    0.510050      1.4690507E-30
    0.515150      1.3231453E-31
    0.520302      1.9801694E-30
    0.525505      2.5297834E-30
    0.530760      4.7033344E-31
    0.536068      5.3674516E-30
    0.541428      2.6060394E-29
    0.546843      3.6696823E-30
    0.552311      1.4160602E-31
    0.557834      1.0758464E-30
    0.563413      6.6452027E-30
    0.569047      3.0919990E-29
    0.574737      1.0194453E-29
    0.580484      6.4925762E-30
    0.586289      3.2936385E-28
    0.592152      1.9796050E-28
    0.598074      1.0545705E-29
    0.604054      3.9860466E-31
    0.610095      6.4086379E-32
    0.616196      6.0167777E-32
    0.622358      1.3914959E-29
    0.628582      2.2026333E-29
    0.634867      1.0469278E-29
    0.641216      4.4503158E-29
    0.647628      1.4381189E-28
    0.654104      4.6210453E-29
    0.660645      3.6536512E-30
    0.667252      1.2064232E-31
    0.673924      5.2405104E-31
    0.680664      9.2369309E-30
    0.687470      1.5832277E-28
    0.694345      3.5014582E-28
    0.701288      1.6181928E-28
    0.708301      1.1763026E-28
    0.715384      2.5093260E-27
    0.722538      2.0151109E-27
    0.729764      2.3658430E-28
    0.737061      2.8253385E-29
    0.744432      2.4117490E-30
    0.751876      1.0289197E-30
    0.759395      7.5051638E-32
    0.766989      7.9467146E-32
    0.774659      6.6699130E-31
    0.782405      9.2536802E-29
    0.790229      1.2845676E-28
    0.798132      1.8085543E-28
    0.806113      4.1864839E-28
    0.814174      1.3597909E-27
    0.822316      1.1610168E-27
    0.830539      2.9023473E-28
    0.838844      3.6561388E-28
    0.847233      3.0302177E-28
    0.855705      3.5218411E-28
    0.864262      4.8345310E-28
    0.872905      8.5474507E-28
    0.881634      1.2963709E-27
    0.890450      1.7884253E-26
    0.899355      1.0574528E-26
    0.908348      3.9182307E-27
    0.917432      1.3729908E-27
    0.926606      3.3527307E-26
    0.935872      2.4016654E-26
    0.945231      1.7882558E-26
    0.954683      7.3783238E-27
    0.964230      3.3071604E-27
    0.973872      2.8570579E-27
    0.983611      4.8300630E-27
    0.993447      4.8888453E-27
    1.003382      4.3131600E-27
    1.013416      9.2242849E-27
    1.023550      1.6855254E-26
    1.033785      8.5717248E-27
    1.044123      1.7617749E-27
    1.054564      6.2073884E-28
    1.065110      1.0424593E-27
    1.075761      1.3837092E-27
    1.086519      1.1979509E-27
    1.097384      2.1042005E-27
    1.108358      9.0939881E-27
    1.119441      6.4474084E-26
    1.130636      6.9238752E-26
    1.141942      3.4013149E-26
    1.153361      4.7143395E-26
    1.164895      8.8083796E-26
    1.176544      3.2699243E-26
    1.188309      1.2223221E-26
    1.200192      2.1310729E-26
    1.212194      2.3002532E-26
    1.224316      9.2100546E-27
    1.236560      1.1734505E-27
    1.248925      2.1936168E-27
    1.261414      2.0500629E-27
    1.274028      2.3648431E-27
    1.286769      1.1535523E-26
    1.299636      1.5783498E-26
    1.312633      2.0745803E-26
    1.325759      3.1195440E-26
    1.339017      5.5840076E-26
    1.352407      6.1649339E-25
    1.365931      6.4220945E-25
    1.379590      6.7705816E-25
    1.393386      4.1214556E-25
    1.407320      1.2580767E-25
    1.421393      6.6676167E-26
    1.435607      9.8254782E-26
    1.449963      4.7627517E-26
    1.464463      7.2645109E-26
    1.479108      1.1038446E-25
    1.493899      2.2748494E-25
    1.508838      2.2706306E-25
    1.523926      8.5520610E-26
    1.539165      2.9079674E-26
    1.554557      7.3199640E-27
    1.570102      4.4183090E-27
    1.585803      2.2359707E-27
    1.601662      1.4045399E-27
    1.617678      1.3325210E-26
    1.633855      1.1146498E-25
    1.650193      1.1093396E-25
    1.666695      7.1966652E-26
    1.683362      8.7256460E-26
    1.700196      1.9191144E-25
    1.717198      1.4655732E-25
    1.734370      5.9328595E-26
    1.751714      2.8962040E-26
    1.769231      9.4523070E-26
    1.786923      1.1715836E-25
    1.804792      1.5095695E-25
    1.822840      6.3070600E-25
    1.841069      1.1328615E-24
    1.859479      1.2824769E-24
    1.878074      3.6099943E-25
    1.896855      5.1157548E-25
    1.915823      1.6305920E-25
    1.934982      2.1316414E-25
    1.954331      3.3994451E-25
    1.973875      3.2378865E-25
    1.993613      2.2286341E-25
    2.013550      8.5973109E-26
    2.033685      1.8777760E-26
    2.054022      6.3858585E-27
    2.074562      1.5824746E-27
    2.095308      3.8036182E-28
    2.116261      1.3044576E-27
    2.137423      9.0936516E-27
    2.158798      9.5752761E-26
    2.180386      8.4636907E-26
    2.202190      2.3519917E-25
    2.224211      5.6715458E-25
    2.246454      1.0060606E-24
    2.268918      1.4651244E-24
    2.291607      1.8408516E-24
    2.314523      1.1537918E-24
    2.337669      1.5466644E-24
    2.361045      1.6227152E-24
    2.384656      3.8904220E-25
    2.408502      1.7133882E-25
    2.432587      8.2788851E-26
    2.456913      5.1185988E-26
    2.481482      6.4589298E-26
    2.506297      1.6253450E-25
    2.531360      4.4928623E-25
    2.556674      3.6837599E-24
    2.582240      1.1189895E-23
    2.608063      1.0656763E-23
    2.634143      4.1077812E-24
    2.660485      8.1536238E-24
    2.687090      5.4779889E-24
    2.713961      3.5079867E-24
    2.741100      3.2875631E-24
    2.768511      7.5702949E-25
    2.796196      3.8850307E-25
    2.824158      4.9575273E-25
    2.852400      3.9337894E-25
    2.880924      4.7377143E-25
    2.909733      4.8014712E-25
    2.938830      5.6234463E-25
    2.968219      2.5952719E-25
    2.997901      3.1225654E-25
    3.027880      3.3643912E-25
    3.058159      2.1912767E-25
    3.088740      3.5602111E-25
    3.119628      1.9062111E-25
    3.150824      3.0984193E-25
    3.182332      2.8154813E-24
    3.214156      4.4935664E-24
    3.246297      5.7892237E-24
    3.278760      4.9482241E-24
    3.311548      2.6518015E-24
    3.344663      4.5849650E-24
    3.378110      3.9897688E-24
    3.411891      1.4280934E-24
    3.446010      7.6831807E-25
    3.480470      4.3726980E-25
    3.515275      8.6693457E-25
    3.550427      6.9575366E-25
    3.585932      3.0301383E-25
    3.621791      1.9842119E-25
    3.658009      9.7433121E-26
    3.694589      1.8580247E-25
    3.731535      1.0446960E-25
    3.768850      9.1968542E-26
    3.806539      3.7840839E-26
    3.844604      1.0862963E-25
    3.883050      6.2188673E-26
    3.921881      5.2347678E-26
    3.961099      3.3336162E-26
    4.000710      2.1426044E-26
    4.040718      1.6073118E-26
    4.081125      8.4476028E-27
    4.121936      3.2305514E-27
    4.163155      9.4365540E-28
    4.204787      3.7911741E-27
    4.246835      1.6896880E-27
    4.289303      9.4831525E-28
    4.332196      1.0445600E-27
    4.375518      5.5072166E-28
    4.419273      6.3178680E-28
    4.463466      2.4143237E-28
    4.508101      2.5663614E-28
    4.553182      1.4264241E-28
    4.598714      1.8286896E-28
    4.644701      9.5190138E-28
    4.691148      9.1675575E-28
    4.738059      4.3493530E-28
    4.785440      1.1595018E-27
    4.833294      1.3034642E-27
    4.881627      3.8590895E-27
    4.930443      1.4686828E-26
    4.979748      4.3130190E-26
    5.029545      1.6998667E-27
    5.079841      1.2182609E-26
    5.130639      8.7279310E-26
    5.181946      2.8980666E-25
    5.233765      6.2982536E-26
    5.286103      3.3537584E-26
    5.338964      9.0972151E-26
    5.392353      1.8112654E-24
    5.446277      5.9915461E-25
    5.500740      8.1512759E-25
    5.555747      2.2019289E-24
    5.611304      5.3990500E-24
    5.667418      2.2653472E-24
    5.724092      9.3497934E-24
    5.781333      6.3274423E-24
    5.839146      2.0803731E-23
    5.897537      1.2305235E-23
    5.956513      9.9135357E-24
    6.016078      3.1067730E-23
    6.076239      1.0759799E-23
    6.137001      1.2803515E-23
    6.198371      8.2413918E-25
    6.260355      5.7803501E-25
    6.322958      6.3051227E-24
    6.386188      1.5483010E-23
    6.450050      2.1514570E-23
    6.514550      9.0315584E-24
    6.579696      1.3565300E-23
    6.645493      3.7262820E-24
    6.711948      8.4769746E-25
    6.779067      2.4926408E-24
    6.846858      6.8590576E-25
    6.915326      2.2306621E-24
    6.984480      2.3548271E-24
    7.054324      2.3705871E-25
    7.124868      6.0886863E-25
    7.196116      3.4027898E-25
    7.268078      6.7655310E-25
    7.340758      2.6576655E-24
    7.414166      7.0404772E-24
    7.488308      5.4328803E-24
    7.563191      2.1295623E-24
    7.638823      5.1438288E-23
    7.715211      3.6331601E-24
    7.792363      2.0980270E-24
    7.870286      2.5225359E-24
    7.948989      1.1907682E-24
    8.028479      5.0032280E-25
    8.108764      1.6836473E-25
    8.189852      8.3183687E-26
    8.271750      3.1170392E-26
    8.354468      1.9979777E-26
    8.438012      8.1960469E-26
    8.522393      9.8060029E-27
    8.607616      5.4820128E-26
    8.693693      3.1701053E-25
    8.780630      8.5151993E-26
    8.868436      7.8962256E-25
    8.957120      1.6562471E-25
    9.046691      3.9173635E-25
    9.137158      1.6812888E-24
    9.228530      1.0157415E-24
    9.320815      1.7728802E-24
    9.414023      1.5103835E-24
    9.508164      2.8789991E-24
    9.603245      3.7731911E-24
    9.699278      1.4037268E-24
    9.796270      2.8475524E-24
    9.894233      4.2497895E-26
    9.993175      5.0841533E-24
   10.093107      3.4801047E-28
   10.194038      7.4392347E-28
   10.295979      4.0823230E-23
   10.398938      6.9250310E-25
   10.502928      2.9496136E-24
   10.607957      1.3130294E-25
   10.714037      3.4683835E-23
   10.821177      8.8856311E-25
   10.929389      5.6264474E-26
   11.038683      1.9312103E-26
   11.149070      2.4877783E-24
   11.260560      1.9660652E-26
   11.373166      1.4117048E-27
   11.486898      2.3851090E-24
   11.601766      1.2531276E-27
   11.717784      1.9201750E-24
   11.834962      1.1521627E-26
   11.953312      1.4230428E-24
   12.072845      7.0411907E-25
   12.193573      9.4451053E-25
   12.315509      3.6847016E-25
   12.438664      8.6255357E-26
   12.563051      1.6246930E-25
   12.688681      1.0707773E-25
   12.815568      1.5681629E-25
   12.943724      1.1384887E-25
   13.073161      5.6459087E-26
   13.203892      4.5109320E-26
   13.335931      4.7518020E-26
   13.469291      1.6538078E-26
   13.603984      1.3581785E-26
   13.740023      2.4049583E-26
   13.877424      6.2626888E-27
   14.016198      2.5940317E-26
   14.156360      3.9023854E-27
   14.297924      4.8070142E-27
   14.440903      1.5785467E-26
   14.585312      2.1884529E-27
   14.731165      2.7680529E-27
   14.878477      1.6389983E-26
   15.027261      1.0821624E-26
   15.177534      1.3306369E-27
   15.329309      9.6460338E-27
   15.482602      4.8400743E-27
   15.637428      2.2676902E-26
   15.793803      8.5648523E-26
   15.951741      2.3824065E-26
   16.111258      2.8911810E-26
   16.272371      1.5791516E-27
   16.435094      2.0444954E-27
   16.599445      6.2877212E-27
   16.765440      6.1700347E-26
   16.933094      5.0263056E-27
   17.102425      3.1059490E-26
   17.273449      3.9000247E-26
   17.446184      8.6667351E-26
   17.620646      2.5556551E-26
   17.796852      1.6253712E-27
   17.974821      1.3604966E-26
   18.154569      9.4303517E-26
   18.336115      1.4128671E-26
   18.519476      4.3530808E-26
   18.704670      3.8517805E-27
   18.891717      1.5350002E-25
   19.080634      6.7055617E-26
   19.271441      4.3778596E-27
   19.464155      6.8537257E-27
   19.658797      4.4721591E-27
   19.855385      5.0268497E-27
   20.053938      1.9346911E-27
   20.254478      2.4886203E-27
   20.457023      4.0640340E-25
   20.661593      3.4711062E-27
   20.868209      4.0011401E-27
   21.076891      1.9811538E-25
   21.287660      4.9549700E-27
   21.500536      1.5652553E-26
   21.715542      1.4346736E-24
   21.932697      5.8881920E-26
   22.152024      3.6788941E-26
   22.373544      5.1317836E-25
   22.597280      1.2343023E-27
   22.823253      1.3008862E-26
   23.051485      3.2757204E-25
   23.282000      1.5553895E-25
   23.514820      1.4814911E-25
   23.749968      2.0622546E-24
   23.987468      1.2549151E-27
   24.227343      4.7597554E-28
   24.469616      7.0201578E-27
   24.714312      1.8183493E-25
   24.961455      2.4564869E-24
   25.211070      5.6642599E-25
   25.463180      2.1871920E-27
   25.717812      2.8111375E-24
   25.974990      9.0296297E-27
   26.234740      3.9773376E-26
   26.497088      2.0613822E-24
   26.762059      2.5268325E-24
   27.029679      5.3734838E-27
   27.299976      1.9571856E-26
   27.572976      3.4454655E-25
   27.848705      2.5709811E-26
   28.127193      4.6283498E-24
   28.408464      4.8025768E-24
   28.692549      3.8822514E-25
   28.979475      5.4432297E-26
   29.269269      5.8289791E-27
   29.561962      1.4347925E-23
   29.857582      7.5140637E-27
