# Pressure:     3.000E+01 Ba
# Temperature:   4000.000 K
#  lambda [mu]   kappa [cm^2/mol]
    0.500000      2.4395501E-27
    0.505000      2.7650272E-27
    0.510050      3.2019596E-27
    0.515150      3.6790282E-27
    0.520302      4.2624473E-27
    0.525505      5.0359620E-27
    0.530760      6.2134854E-27
    0.536068      7.6369550E-27
    0.541428      9.6442258E-27
    0.546843      1.2712370E-26
    0.552311      1.7317382E-26
    0.557834      2.6196322E-26
    0.563413      4.2802954E-26
    0.569047      7.3778586E-26
    0.574737      1.6744228E-25
    0.580484      9.7161503E-25
    0.586289      3.6551590E-23
    0.592152      4.3641019E-25
    0.598074      1.4215394E-25
    0.604054      6.3780631E-26
    0.610095      3.7284920E-26
    0.616196      2.4936839E-26
    0.622358      1.8308608E-26
    0.628582      1.3793955E-26
    0.634867      1.0683262E-26
    0.641216      8.9684999E-27
    0.647628      7.5451055E-27
    0.654104      6.5681616E-27
    0.660645      5.7484492E-27
    0.667252      5.1996092E-27
    0.673924      4.8333329E-27
    0.680664      4.5113156E-27
    0.687470      5.0723683E-27
    0.694345      4.3136372E-27
    0.701288      4.3647735E-27
    0.708301      4.5789017E-27
    0.715384      5.1897032E-27
    0.722538      6.0187944E-27
    0.729764      7.6046110E-27
    0.737061      1.0627983E-26
    0.744432      1.8434783E-26
    0.751876      4.7970281E-26
    0.759395      4.6813836E-25
    0.766989      2.6429822E-24
    0.774659      7.5124995E-26
    0.782405      2.4444506E-26
    0.790229      1.2485073E-26
    0.798132      7.5087526E-27
    0.806113      5.7459105E-27
    0.814174      5.1281767E-26
    0.822316      4.1696030E-27
    0.830539      2.8697581E-27
    0.838844      2.6044893E-27
    0.847233      2.4111035E-27
    0.855705      2.0040659E-27
    0.864262      1.7885430E-27
    0.872905      1.6513707E-27
    0.881634      1.6998765E-27
    0.890450      2.0930013E-27
    0.899355      1.6228497E-27
    0.908348      2.1727549E-27
    0.917432      2.9163008E-27
    0.926606      6.8532260E-27
    0.935872      5.7109748E-27
    0.945231      8.4513945E-27
    0.954683      6.5542613E-27
    0.964230      7.9163508E-27
    0.973872      8.5068924E-27
    0.983611      7.4869366E-27
    0.993447      6.8683196E-27
    1.003382      6.4972298E-27
    1.013416      6.6694189E-27
    1.023550      6.3769191E-27
    1.033785      5.4571013E-27
    1.044123      4.8482533E-27
    1.054564      4.3579095E-27
    1.065110      4.1652796E-27
    1.075761      4.2215057E-27
    1.086519      8.2976051E-27
    1.097384      1.4301679E-26
    1.108358      1.9106050E-26
    1.119441      1.6897602E-26
    1.130636      2.9566376E-26
    1.141942      2.3278721E-26
    1.153361      2.3998139E-26
    1.164895      4.0868364E-26
    1.176544      2.8718523E-26
    1.188309      2.5760572E-26
    1.200192      2.3666952E-26
    1.212194      2.0400291E-26
    1.224316      1.9366434E-26
    1.236560      2.2437811E-26
    1.248925      2.4983878E-26
    1.261414      1.6433263E-26
    1.274028      1.4506637E-26
    1.286769      1.3457105E-26
    1.299636      1.6302514E-26
    1.312633      2.1392482E-26
    1.325759      7.8319329E-25
    1.339017      2.3682654E-25
    1.352407      1.5711478E-25
    1.365931      1.2641783E-25
    1.379590      1.4769253E-25
    1.393386      1.7971735E-25
    1.407320      2.2838044E-25
    1.421393      2.2393893E-25
    1.435607      2.1335549E-25
    1.449963      2.1583223E-25
    1.464463      2.1463411E-25
    1.479108      1.9392900E-25
    1.493899      1.7544578E-25
    1.508838      1.6651467E-25
    1.523926      1.5092926E-25
    1.539165      1.4303409E-25
    1.554557      1.2972485E-25
    1.570102      1.1296107E-25
    1.585803      9.8173248E-26
    1.601662      8.6801808E-26
    1.617678      7.8177002E-26
    1.633855      6.6061603E-26
    1.650193      5.5776908E-26
    1.666695      4.9598521E-26
    1.683362      5.4812704E-26
    1.700196      7.6060605E-26
    1.717198      1.0431655E-25
    1.734370      1.5013018E-25
    1.751714      2.0662489E-25
    1.769231      2.8183509E-25
    1.786923      3.4555418E-25
    1.804792      3.8786032E-25
    1.822840      3.5529363E-25
    1.841069      4.8593452E-25
    1.859479      4.4297278E-25
    1.878074      3.8987738E-25
    1.896855      3.3063520E-25
    1.915823      3.3297660E-25
    1.934982      3.3687185E-25
    1.954331      3.6673294E-25
    1.973875      4.1129552E-25
    1.993613      4.2615352E-25
    2.013550      4.0333772E-25
    2.033685      3.8267076E-25
    2.054022      3.5477098E-25
    2.074562      3.0572776E-25
    2.095308      2.5836519E-25
    2.116261      2.2255792E-25
    2.137423      1.8228084E-25
    2.158798      1.5322990E-25
    2.180386      1.2918145E-25
    2.202190      1.1073602E-25
    2.224211      9.7361018E-26
    2.246454      8.7745384E-26
    2.268918      8.1308550E-26
    2.291607      2.5902833E-25
    2.314523      3.7864626E-25
    2.337669      3.4141544E-25
    2.361045      3.0343306E-25
    2.384656      4.4324700E-25
    2.408502      6.7729969E-25
    2.432587      9.3423449E-25
    2.456913      1.3567567E-24
    2.481482      1.5944807E-24
    2.506297      1.7654334E-24
    2.531360      1.7672317E-24
    2.556674      1.6403037E-24
    2.582240      1.4092374E-24
    2.608063      1.0808944E-24
    2.634143      8.3481203E-25
    2.660485      1.4534672E-24
    2.687090      1.8707397E-24
    2.713961      2.0062383E-24
    2.741100      2.0509665E-24
    2.768511      1.8627160E-24
    2.796196      2.2167924E-24
    2.824158      2.4060608E-24
    2.852400      2.2010913E-24
    2.880924      2.4119300E-24
    2.909733      2.4678492E-24
    2.938830      2.4108577E-24
    2.968219      2.3736843E-24
    2.997901      2.2031867E-24
    3.027880      2.1416140E-24
    3.058159      1.8825084E-24
    3.088740      1.7332280E-24
    3.119628      1.5153948E-24
    3.150824      1.3776924E-24
    3.182332      1.2476664E-24
    3.214156      1.0764866E-24
    3.246297      9.6424777E-25
    3.278760      8.2115567E-25
    3.311548      7.3459674E-25
    3.344663      6.6712403E-25
    3.378110      5.8388520E-25
    3.411891      5.1445300E-25
    3.446010      4.6944583E-25
    3.480470      4.2580660E-25
    3.515275      3.8955184E-25
    3.550427      3.5298771E-25
    3.585932      3.2414437E-25
    3.621791      2.8383730E-25
    3.658009      2.5528994E-25
    3.694589      2.2701329E-25
    3.731535      2.0292135E-25
    3.768850      1.7409815E-25
    3.806539      1.6967245E-25
    3.844604      1.5615605E-25
    3.883050      1.4858158E-25
    3.921881      2.1347627E-25
    3.961099      1.8042594E-25
    4.000710      1.8561898E-25
    4.040718      2.3164789E-25
    4.081125      2.5863589E-25
    4.121936      2.6400141E-25
    4.163155      2.7841093E-25
    4.204787      2.8311525E-25
    4.246835      3.1624916E-25
    4.289303      1.9090093E-24
    4.332196      5.0711793E-24
    4.375518      8.9826294E-24
    4.419273      1.2355683E-23
    4.463466      1.6109318E-23
    4.508101      1.6764686E-23
    4.553182      1.4996243E-23
    4.598714      1.1809968E-23
    4.644701      7.5242317E-24
    4.691148      6.4881955E-24
    4.738059      7.1672290E-24
    4.785440      7.9687984E-24
    4.833294      9.0809216E-24
    4.881627      1.0060263E-23
    4.930443      1.0448082E-23
    4.979748      9.4354549E-24
    5.029545      9.1712507E-24
    5.079841      7.5932831E-24
    5.130639      6.4119645E-24
    5.181946      5.9034747E-24
    5.233765      5.2960678E-24
    5.286103      4.8251835E-24
    5.338964      4.2180931E-24
    5.392353      3.5684260E-24
    5.446277      3.1089353E-24
    5.500740      2.9877396E-24
    5.555747      2.5599518E-24
    5.611304      2.4311543E-24
    5.667418      2.3417035E-24
    5.724092      2.1128892E-24
    5.781333      2.0256322E-24
    5.839146      1.8626239E-24
    5.897537      1.6580383E-24
    5.956513      1.3242278E-24
    6.016078      1.5370555E-24
    6.076239      1.1826221E-24
    6.137001      1.1283520E-24
    6.198371      9.9859651E-25
    6.260355      9.6902251E-25
    6.322958      1.1611973E-24
    6.386188      1.7495499E-24
    6.450050      3.2701073E-24
    6.514550      3.9809486E-24
    6.579696      5.3529126E-24
    6.645493      4.8531961E-24
    6.711948      4.5573079E-24
    6.779067      5.4346463E-24
    6.846858      4.4953724E-24
    6.915326      4.1985192E-24
    6.984480      4.6262212E-24
    7.054324      4.2822766E-24
    7.124868      4.0538206E-24
    7.196116      4.1615018E-24
    7.268078      4.1023518E-24
    7.340758      3.8114485E-24
    7.414166      4.0816503E-24
    7.488308      3.8261137E-24
    7.563191      4.3752783E-24
    7.638823      3.8363374E-24
    7.715211      4.2307231E-24
    7.792363      4.2344152E-24
    7.870286      4.0834594E-24
    7.948989      4.3616432E-24
    8.028479      4.7925119E-24
    8.108764      5.0339884E-24
    8.189852      4.2833856E-24
    8.271750      4.7411057E-24
    8.354468      3.9283115E-24
    8.438012      4.3475573E-24
    8.522393      3.6687463E-24
    8.607616      3.4257066E-24
    8.693693      3.6554397E-24
    8.780630      3.1439126E-24
    8.868436      2.9051646E-24
    8.957120      2.8269474E-24
    9.046691      2.7654720E-24
    9.137158      2.6754203E-24
    9.228530      2.5736071E-24
    9.320815      2.7491157E-24
    9.414023      2.7492858E-24
    9.508164      2.6791910E-24
    9.603245      2.5680376E-24
    9.699278      2.3803941E-24
    9.796270      3.6391114E-24
    9.894233      2.9333007E-24
    9.993175      3.5482172E-24
   10.093107      3.0181858E-24
   10.194038      3.4375117E-24
   10.295979      3.8525698E-24
   10.398938      4.4011316E-24
   10.502928      4.3813702E-24
   10.607957      6.3699914E-24
   10.714037      4.7960344E-24
   10.821177      7.1196138E-24
   10.929389      8.1269741E-24
   11.038683      6.8477445E-24
   11.149070      6.9786098E-24
   11.260560      7.3168283E-24
   11.373166      8.0279343E-24
   11.486898      9.3087487E-24
   11.601766      6.4287002E-24
   11.717784      9.6752841E-24
   11.834962      8.6096683E-24
   11.953312      1.0086886E-23
   12.072845      1.1701570E-23
   12.193573      9.8556444E-24
   12.315509      1.1048980E-23
   12.438664      1.4604330E-23
   12.563051      1.2518666E-23
   12.688681      1.3383545E-23
   12.815568      1.2724938E-23
   12.943724      1.4282113E-23
   13.073161      1.4669351E-23
   13.203892      1.7710494E-23
   13.335931      1.4484628E-23
   13.469291      1.7710124E-23
   13.603984      2.0114418E-23
   13.740023      1.7492287E-23
   13.877424      1.7715745E-23
   14.016198      1.4767074E-23
   14.156360      1.9230701E-23
   14.297924      1.8217987E-23
   14.440903      1.5380026E-23
   14.585312      2.0685125E-23
   14.731165      2.1894010E-23
   14.878477      1.7517715E-23
   15.027261      2.1572192E-23
   15.177534      1.6048288E-23
   15.329309      2.1716929E-23
   15.482602      2.0231355E-23
   15.637428      2.1139567E-23
   15.793803      1.7536029E-23
   15.951741      2.2144712E-23
   16.111258      2.1470977E-23
   16.272371      1.8621237E-23
   16.435094      2.1287818E-23
   16.599445      1.9312349E-23
   16.765440      1.9032095E-23
   16.933094      1.8192588E-23
   17.102425      2.1080546E-23
   17.273449      2.6891093E-23
   17.446184      1.8048207E-23
   17.620646      2.3354588E-23
   17.796852      2.0210621E-23
   17.974821      2.4119495E-23
   18.154569      1.4495170E-23
   18.336115      2.6731798E-23
   18.519476      2.3566922E-23
   18.704670      1.5160976E-23
   18.891717      2.1587134E-23
   19.080634      2.2824447E-23
   19.271441      2.6173205E-23
   19.464155      2.4127368E-23
   19.658797      2.2032008E-23
   19.855385      1.6681858E-23
   20.053938      2.0416748E-23
   20.254478      2.4985202E-23
   20.457023      1.6106474E-23
   20.661593      1.5288852E-23
   20.868209      3.1223871E-23
   21.076891      1.7868234E-23
   21.287660      1.5312002E-23
   21.500536      2.0059290E-23
   21.715542      2.1904004E-23
   21.932697      1.4925764E-23
   22.152024      1.7280668E-23
   22.373544      2.7635156E-23
   22.597280      1.5281348E-23
   22.823253      1.9455143E-23
   23.051485      1.2953717E-23
   23.282000      3.0575522E-23
   23.514820      1.9654106E-23
   23.749968      2.2344048E-23
   23.987468      1.2663727E-23
   24.227343      1.7599043E-23
   24.469616      1.7990648E-23
   24.714312      1.9294741E-23
   24.961455      1.4530471E-23
   25.211070      2.0726053E-23
   25.463180      1.8165610E-23
   25.717812      1.7860258E-23
   25.974990      1.1945309E-23
   26.234740      1.6200589E-23
   26.497088      2.4684863E-23
   26.762059      1.4270032E-23
   27.029679      1.9162702E-23
   27.299976      1.1378449E-23
   27.572976      1.3773457E-23
   27.848705      2.2987713E-23
   28.127193      2.0213367E-23
   28.408464      1.9759702E-23
   28.692549      1.0491137E-23
   28.979475      1.3182804E-23
   29.269269      2.1432672E-23
   29.561962      1.3880335E-23
   29.857582      1.7085557E-23
