# Pressure:     1.000E-02 Ba
# Temperature:   1800.000 K
#  lambda [mu]   kappa [cm^2/mol]
    0.500000      8.4916528E-30
    0.505000      8.5242102E-30
    0.510050      1.0687113E-29
    0.515150      6.3790281E-30
    0.520302      5.5775355E-30
    0.525505      6.4748883E-30
    0.530760      1.6290662E-29
    0.536068      9.3146377E-30
    0.541428      1.1185930E-29
    0.546843      1.2140862E-29
    0.552311      1.4639988E-29
    0.557834      1.6795245E-29
    0.563413      4.6714393E-29
    0.569047      4.4326577E-29
    0.574737      1.1748706E-28
    0.580484      5.6545009E-28
    0.586289      2.6685668E-23
    0.592152      3.6687399E-28
    0.598074      1.2711725E-28
    0.604054      6.8942406E-29
    0.610095      5.0086477E-29
    0.616196      4.0296529E-29
    0.622358      4.0608190E-29
    0.628582      3.3506226E-29
    0.634867      3.3697434E-29
    0.641216      6.7809357E-29
    0.647628      6.9171622E-29
    0.654104      7.2159040E-29
    0.660645      6.3624879E-29
    0.667252      4.8593210E-29
    0.673924      4.8276448E-29
    0.680664      3.8433030E-29
    0.687470      2.7231280E-28
    0.694345      9.4507931E-29
    0.701288      1.3946755E-28
    0.708301      2.2121030E-28
    0.715384      6.4515892E-28
    0.722538      5.3705359E-28
    0.729764      5.7774180E-28
    0.737061      4.8187919E-28
    0.744432      4.7104906E-28
    0.751876      4.8838260E-28
    0.759395      1.4757281E-27
    0.766989      7.3901791E-24
    0.774659      4.5340212E-28
    0.782405      2.7817048E-28
    0.790229      2.1911138E-28
    0.798132      2.8522084E-28
    0.806113      1.2109432E-27
    0.814174      1.2238798E-27
    0.822316      9.4236331E-28
    0.830539      9.0575771E-28
    0.838844      9.3204301E-28
    0.847233      8.1424212E-28
    0.855705      5.7491096E-28
    0.864262      4.6073188E-28
    0.872905      3.8073523E-28
    0.881634      5.8154226E-28
    0.890450      1.8225325E-27
    0.899355      9.0577627E-28
    0.908348      1.8449673E-27
    0.917432      3.2800965E-27
    0.926606      1.2408420E-26
    0.935872      7.4716917E-27
    0.945231      2.4504321E-26
    0.954683      1.0634902E-26
    0.964230      1.0052125E-26
    0.973872      9.3453127E-27
    0.983611      6.6515149E-27
    0.993447      5.2114354E-27
    1.003382      4.0957487E-27
    1.013416      3.3020910E-27
    1.023550      2.6621609E-27
    1.033785      1.9683798E-27
    1.044123      1.5857205E-27
    1.054564      1.3520805E-27
    1.065110      1.2348091E-27
    1.075761      1.2856028E-27
    1.086519      5.7445087E-27
    1.097384      1.4725272E-26
    1.108358      2.8454256E-26
    1.119441      2.0762292E-26
    1.130636      2.8910423E-26
    1.141942      2.1671710E-26
    1.153361      2.2849906E-26
    1.164895      2.9676464E-26
    1.176544      2.1525921E-26
    1.188309      1.7382526E-26
    1.200192      1.3008179E-26
    1.212194      9.5719482E-27
    1.224316      7.7393834E-27
    1.236560      6.3480913E-27
    1.248925      5.9580133E-27
    1.261414      5.4953106E-27
    1.274028      5.7271651E-27
    1.286769      6.7294243E-27
    1.299636      8.5785610E-27
    1.312633      1.3430467E-26
    1.325759      6.9923781E-25
    1.339017      5.3174020E-25
    1.352407      2.9669236E-25
    1.365931      1.8166459E-25
    1.379590      2.6620353E-25
    1.393386      2.8903931E-25
    1.407320      3.6370641E-25
    1.421393      3.3098618E-25
    1.435607      2.8105330E-25
    1.449963      2.5940157E-25
    1.464463      1.9350024E-25
    1.479108      1.5518197E-25
    1.493899      1.2403301E-25
    1.508838      1.0613591E-25
    1.523926      8.2617953E-26
    1.539165      6.4901581E-26
    1.554557      5.1486527E-26
    1.570102      3.8328524E-26
    1.585803      2.9003809E-26
    1.601662      2.2396772E-26
    1.617678      1.8465317E-26
    1.633855      1.4745421E-26
    1.650193      1.3104630E-26
    1.666695      1.0831053E-26
    1.683362      1.5030171E-26
    1.700196      2.7500368E-26
    1.717198      6.2686061E-26
    1.734370      1.1307004E-25
    1.751714      1.9841486E-25
    1.769231      3.2525198E-25
    1.786923      4.2644821E-25
    1.804792      5.6684834E-25
    1.822840      4.9438264E-25
    1.841069      6.5060408E-25
    1.859479      6.0308298E-25
    1.878074      3.9438198E-25
    1.896855      3.4431400E-25
    1.915823      3.8053454E-25
    1.934982      5.0992659E-25
    1.954331      5.6711951E-25
    1.973875      4.7975030E-25
    1.993613      4.0906396E-25
    2.013550      3.0631476E-25
    2.033685      2.3794701E-25
    2.054022      1.7505487E-25
    2.074562      1.1968930E-25
    2.095308      8.2473141E-26
    2.116261      5.7533868E-26
    2.137423      4.1678732E-26
    2.158798      3.4167412E-26
    2.180386      3.0669817E-26
    2.202190      3.0385357E-26
    2.224211      3.3919383E-26
    2.246454      3.2125815E-26
    2.268918      3.8886942E-26
    2.291607      1.3134188E-25
    2.314523      2.3967692E-25
    2.337669      1.7936522E-25
    2.361045      2.2249107E-25
    2.384656      3.1562086E-25
    2.408502      5.0823904E-25
    2.432587      8.0782547E-25
    2.456913      1.6799578E-24
    2.481482      2.4043909E-24
    2.506297      3.2135823E-24
    2.531360      3.5737087E-24
    2.556674      3.4549899E-24
    2.582240      2.7940529E-24
    2.608063      1.7204687E-24
    2.634143      1.1683676E-24
    2.660485      3.8606941E-24
    2.687090      3.8621057E-24
    2.713961      3.8772631E-24
    2.741100      4.0211468E-24
    2.768511      3.4308403E-24
    2.796196      4.0588626E-24
    2.824158      4.1394881E-24
    2.852400      3.6651168E-24
    2.880924      3.5191869E-24
    2.909733      3.5617744E-24
    2.938830      2.9423331E-24
    2.968219      2.4431900E-24
    2.997901      2.0624015E-24
    3.027880      1.9412089E-24
    3.058159      1.3587950E-24
    3.088740      1.1507304E-24
    3.119628      9.6028044E-25
    3.150824      7.4706903E-25
    3.182332      6.6995909E-25
    3.214156      5.1480967E-25
    3.246297      4.2874272E-25
    3.278760      3.7025952E-25
    3.311548      3.1220229E-25
    3.344663      3.1447966E-25
    3.378110      2.8812455E-25
    3.411891      2.4416232E-25
    3.446010      2.2672058E-25
    3.480470      2.0025271E-25
    3.515275      1.7586911E-25
    3.550427      1.4696298E-25
    3.585932      1.2385474E-25
    3.621791      9.6003287E-26
    3.658009      8.4779007E-26
    3.694589      6.6243053E-26
    3.731535      6.0820918E-26
    3.768850      4.9543918E-26
    3.806539      4.7612507E-26
    3.844604      6.0011631E-26
    3.883050      3.9350649E-26
    3.921881      9.9206391E-26
    3.961099      5.7147859E-26
    4.000710      7.7825286E-26
    4.040718      1.1570680E-25
    4.081125      1.5386382E-25
    4.121936      1.7386225E-25
    4.163155      2.0784931E-25
    4.204787      2.3258631E-25
    4.246835      2.4993185E-25
    4.289303      3.7279412E-25
    4.332196      9.9508421E-25
    4.375518      3.0026124E-24
    4.419273      4.2670179E-24
    4.463466      8.7996523E-24
    4.508101      8.6306599E-24
    4.553182      1.0512993E-23
    4.598714      9.0425004E-24
    4.644701      4.6440421E-24
    4.691148      5.2951083E-24
    4.738059      6.1004835E-24
    4.785440      5.7567322E-24
    4.833294      5.6687583E-24
    4.881627      5.7367600E-24
    4.930443      5.7323407E-24
    4.979748      5.1257400E-24
    5.029545      4.4989786E-24
    5.079841      3.5823115E-24
    5.130639      3.4100204E-24
    5.181946      3.3814730E-24
    5.233765      3.5845105E-24
    5.286103      3.1078134E-24
    5.338964      3.8419857E-24
    5.392353      3.6370301E-24
    5.446277      2.9195993E-24
    5.500740      4.0269455E-24
    5.555747      3.9139306E-24
    5.611304      4.1259580E-24
    5.667418      5.4055828E-24
    5.724092      4.0480750E-24
    5.781333      3.8771326E-24
    5.839146      3.8352355E-24
    5.897537      3.0859483E-24
    5.956513      1.5799277E-24
    6.016078      2.9950272E-24
    6.076239      1.7956419E-24
    6.137001      1.4042333E-24
    6.198371      1.2984159E-24
    6.260355      9.6889942E-25
    6.322958      1.2760911E-24
    6.386188      3.2283732E-24
    6.450050      6.6810265E-24
    6.514550      6.9737886E-24
    6.579696      1.3737941E-23
    6.645493      7.8445811E-24
    6.711948      6.4285827E-24
    6.779067      9.7435566E-24
    6.846858      5.8459869E-24
    6.915326      5.6211341E-24
    6.984480      7.8416455E-24
    7.054324      6.0575735E-24
    7.124868      5.0388940E-24
    7.196116      5.6904207E-24
    7.268078      6.4958282E-24
    7.340758      4.1992162E-24
    7.414166      7.3717656E-24
    7.488308      5.5889486E-24
    7.563191      6.0063164E-24
    7.638823      4.6873127E-24
    7.715211      4.1442623E-24
    7.792363      5.0157808E-24
    7.870286      4.3468290E-24
    7.948989      4.7249609E-24
    8.028479      4.6208142E-24
    8.108764      5.0752682E-24
    8.189852      3.3751983E-24
    8.271750      4.4249505E-24
    8.354468      2.4865630E-24
    8.438012      2.8558899E-24
    8.522393      2.1711231E-24
    8.607616      1.9747918E-24
    8.693693      1.9132064E-24
    8.780630      1.6757657E-24
    8.868436      1.4821668E-24
    8.957120      1.4975993E-24
    9.046691      1.3751955E-24
    9.137158      1.0837784E-24
    9.228530      9.8513925E-25
    9.320815      1.8330374E-24
    9.414023      1.3668465E-24
    9.508164      1.0440762E-24
    9.603245      7.5794101E-25
    9.699278      8.2279348E-25
    9.796270      2.3793576E-24
    9.894233      8.5888425E-25
    9.993175      1.2225849E-24
   10.093107      9.0433729E-25
   10.194038      8.1967399E-25
   10.295979      1.7366754E-24
   10.398938      1.2197248E-24
   10.502928      1.3003955E-24
   10.607957      3.5005170E-24
   10.714037      1.0103025E-24
   10.821177      3.1440283E-24
   10.929389      2.0358934E-24
   11.038683      1.5283374E-24
   11.149070      2.1231895E-24
   11.260560      1.5573874E-24
   11.373166      2.2680633E-24
   11.486898      3.2545592E-24
   11.601766      2.0418972E-24
   11.717784      3.7384997E-24
   11.834962      2.4688132E-24
   11.953312      3.4089317E-24
   12.072845      3.7684541E-24
   12.193573      3.9197743E-24
   12.315509      5.1014802E-24
   12.438664      5.8485192E-24
   12.563051      5.5675278E-24
   12.688681      5.4711546E-24
   12.815568      4.4842407E-24
   12.943724      7.5290394E-24
   13.073161      6.7081135E-24
   13.203892      1.0778055E-23
   13.335931      7.2366150E-24
   13.469291      7.6758741E-24
   13.603984      1.0939571E-23
   13.740023      1.2707243E-23
   13.877424      1.1155388E-23
   14.016198      7.5648450E-24
   14.156360      9.3604309E-24
   14.297924      9.4893246E-24
   14.440903      1.1382793E-23
   14.585312      1.6807386E-23
   14.731165      1.6130667E-23
   14.878477      1.0584934E-23
   15.027261      1.7221732E-23
   15.177534      7.7476666E-24
   15.329309      1.7762260E-23
   15.482602      1.8498594E-23
   15.637428      1.5676250E-23
   15.793803      7.1371957E-24
   15.951741      2.0966496E-23
   16.111258      2.2260166E-23
   16.272371      1.2280250E-23
   16.435094      1.4436417E-23
   16.599445      1.5178144E-23
   16.765440      1.5854160E-23
   16.933094      1.0444272E-23
   17.102425      1.7850535E-23
   17.273449      3.1423233E-23
   17.446184      1.0939986E-23
   17.620646      2.4159764E-23
   17.796852      1.9523223E-23
   17.974821      2.7648228E-23
   18.154569      7.5802371E-24
   18.336115      3.6849962E-23
   18.519476      3.7669895E-23
   18.704670      7.0661491E-24
   18.891717      2.8672295E-23
   19.080634      2.0538821E-23
   19.271441      4.7665592E-23
   19.464155      2.0880609E-23
   19.658797      1.7443706E-23
   19.855385      6.8457463E-24
   20.053938      3.3200022E-23
   20.254478      2.5074848E-23
   20.457023      1.2862347E-23
   20.661593      1.5376714E-23
   20.868209      4.0764050E-23
   21.076891      1.9034760E-23
   21.287660      4.8456830E-24
   21.500536      3.5560593E-23
   21.715542      2.3633591E-23
   21.932697      1.6106919E-23
   22.152024      2.1385906E-23
   22.373544      2.9464058E-23
   22.597280      1.1002173E-23
   22.823253      2.7424962E-23
   23.051485      1.0437007E-23
   23.282000      5.2823733E-23
   23.514820      2.4287345E-23
   23.749968      2.1460207E-23
   23.987468      6.9175485E-24
   24.227343      2.1386062E-23
   24.469616      1.7456915E-23
   24.714312      2.7732532E-23
   24.961455      1.7517809E-23
   25.211070      2.6732056E-23
   25.463180      2.7606008E-23
   25.717812      2.7817382E-23
   25.974990      9.6243471E-24
   26.234740      1.3567011E-23
   26.497088      6.9803205E-23
   26.762059      1.3179185E-23
   27.029679      1.8822159E-23
   27.299976      7.6308577E-24
   27.572976      1.6738949E-23
   27.848705      4.0711165E-23
   28.127193      5.5713180E-23
   28.408464      4.0020541E-23
   28.692549      8.9147303E-24
   28.979475      1.1916154E-23
   29.269269      5.6459121E-23
   29.561962      1.2479065E-23
   29.857582      1.6712498E-23
