# Pressure:     1.000E-04 Ba
# Temperature:   3750.000 K
#  lambda [mu]   kappa [cm^2/mol]
    0.500000      1.0840385E-32
    0.505000      1.0404370E-32
    0.510050      9.9861442E-33
    0.515150      9.5849676E-33
    0.520302      9.2001310E-33
    0.525505      8.8309556E-33
    0.530760      8.4767916E-33
    0.536068      8.1370169E-33
    0.541428      7.8110359E-33
    0.546843      7.4982784E-33
    0.552311      7.1981981E-33
    0.557834      6.9102722E-33
    0.563413      6.6339996E-33
    0.569047      6.3689008E-33
    0.574737      6.1145161E-33
    0.580484      5.8704055E-33
    0.586289      6.4054788E-30
    0.592152      5.4113376E-33
    0.598074      5.1955892E-33
    0.604054      4.9885315E-33
    0.610095      4.7898091E-33
    0.616196      4.5990815E-33
    0.622358      4.4160225E-33
    0.628582      4.2403194E-33
    0.634867      4.0716725E-33
    0.641216      3.9097945E-33
    0.647628      3.7544102E-33
    0.654104      3.6052556E-33
    0.660645      3.4620778E-33
    0.667252      3.3246343E-33
    0.673924      3.1926926E-33
    0.680664      3.0660298E-33
    0.687470      2.9444322E-33
    0.694345      2.8276948E-33
    0.701288      2.7156212E-33
    0.708301      2.6080229E-33
    0.715384      2.5047194E-33
    0.722538      2.4055372E-33
    0.729764      2.3103103E-33
    0.737061      2.2188794E-33
    0.744432      2.1310914E-33
    0.751876      2.0467999E-33
    0.759395      1.9658642E-33
    0.766989      2.8419409E-31
    0.774659      1.8754929E-33
    0.782405      1.7418705E-33
    0.790229      1.6730631E-33
    0.798132      1.6069899E-33
    0.806113      1.5435412E-33
    0.814174      9.2910974E-33
    0.822316      1.4241011E-33
    0.830539      1.3679121E-33
    0.838844      1.3139520E-33
    0.847233      1.2621316E-33
    0.855705      1.2123655E-33
    0.864262      1.1645716E-33
    0.872905      1.1186712E-33
    0.881634      1.0745886E-33
    0.890450      1.0322515E-33
    0.899355      9.9159017E-34
    0.908348      9.5253785E-34
    0.917432      9.1503045E-34
    0.926606      8.9710749E-34
    0.935872      8.4578621E-34
    0.945231      9.0932622E-34
    0.954683      7.8567604E-34
    0.964230      7.7801282E-34
    0.973872      7.5911388E-34
    0.983611      7.0126858E-34
    0.993447      6.6535060E-34
    1.003382      6.3928560E-34
    1.013416      6.1254057E-34
    1.023550      5.8846430E-34
    1.033785      5.6533771E-34
    1.044123      7.1685313E-34
    1.054564      6.0204142E-34
    1.065110      5.1876959E-34
    1.075761      6.3994877E-34
    1.086519      5.0303170E-34
    1.097384      6.4363040E-34
    1.108358      1.0090724E-33
    1.119441      7.3260750E-34
    1.130636      1.5118171E-33
    1.141942      8.9700194E-34
    1.153361      8.6276092E-34
    1.164895      3.4169880E-33
    1.176544      2.6154668E-30
    1.188309      9.4626414E-34
    1.200192      8.6144872E-34
    1.212194      7.0225475E-34
    1.224316      7.1808576E-34
    1.236560      1.2520925E-33
    1.248925      2.4203550E-33
    1.261414      5.6306231E-34
    1.274028      5.3232046E-34
    1.286769      4.6293516E-34
    1.299636      5.8922532E-34
    1.312633      7.4857777E-34
    1.325759      1.6890633E-32
    1.339017      9.6950057E-33
    1.352407      5.2704319E-33
    1.365931      4.8224799E-33
    1.379590      5.1521110E-33
    1.393386      6.7399085E-33
    1.407320      8.4711573E-33
    1.421393      8.3233305E-33
    1.435607      8.2745263E-33
    1.449963      8.2181038E-33
    1.464463      8.0513507E-33
    1.479108      6.9424938E-33
    1.493899      6.4331354E-33
    1.508838      6.3409265E-33
    1.523926      5.8540641E-33
    1.539165      5.7387705E-33
    1.554557      5.5879882E-28
    1.570102      7.2612739E-28
    1.585803      1.9149924E-28
    1.601662      4.5861068E-28
    1.617678      1.0377044E-27
    1.633855      6.5764917E-28
    1.650193      3.3302335E-28
    1.666695      2.6309920E-28
    1.683362      3.2649456E-28
    1.700196      2.2522967E-28
    1.717198      9.8877256E-29
    1.734370      9.0894431E-29
    1.751714      8.9817773E-29
    1.769231      5.1659697E-29
    1.786923      2.7724850E-29
    1.804792      2.0218019E-29
    1.822840      1.5776199E-29
    1.841069      8.2545775E-30
    1.859479      5.4666352E-30
    1.878074      4.8403572E-30
    1.896855      2.8786978E-30
    1.915823      1.6665624E-30
    1.934982      1.4233209E-30
    1.954331      8.7525173E-31
    1.973875      4.7001381E-31
    1.993613      4.1510372E-31
    2.013550      2.2986760E-31
    2.033685      1.6518170E-31
    2.054022      1.2621196E-31
    2.074562      7.0298210E-32
    2.095308      4.6613380E-32
    2.116261      3.3357547E-32
    2.137423      1.9788209E-32
    2.158798      1.4452339E-32
    2.180386      9.7957697E-33
    2.202190      7.2119874E-33
    2.224211      5.3091514E-33
    2.246454      4.2377504E-33
    2.268918      3.6717171E-33
    2.291607      3.5325178E-26
    2.314523      8.7165037E-26
    2.337669      5.6433648E-26
    2.361045      3.2026410E-26
    2.384656      4.7342486E-26
    2.408502      6.2052308E-26
    2.432587      4.0280542E-26
    2.456913      2.9031001E-26
    2.481482      2.3913532E-26
    2.506297      1.9697949E-26
    2.531360      1.5312463E-26
    2.556674      9.9681992E-27
    2.582240      7.8540957E-27
    2.608063      5.4284407E-27
    2.634143      3.6566984E-27
    2.660485      2.4206818E-27
    2.687090      1.6117321E-27
    2.713961      1.1039246E-27
    2.741100      6.9971381E-28
    2.768511      4.7863056E-28
    2.796196      2.7959986E-28
    2.824158      1.8049933E-28
    2.852400      1.3063821E-28
    2.880924      8.0671841E-29
    2.909733      4.5725821E-29
    2.938830      2.9747907E-29
    2.968219      1.9337838E-29
    2.997901      1.3548090E-29
    3.027880      8.0038450E-30
    3.058159      5.0872102E-30
    3.088740      3.5217756E-30
    3.119628      2.1191445E-30
    3.150824      1.4538295E-30
    3.182332      8.9986959E-31
    3.214156      6.3157918E-31
    3.246297      4.2720696E-31
    3.278760      2.8307076E-31
    3.311548      1.9824429E-31
    3.344663      1.2054545E-31
    3.378110      8.9791758E-32
    3.411891      6.4066981E-32
    3.446010      4.9563029E-32
    3.480470      3.5019267E-32
    3.515275      2.8079052E-32
    3.550427      2.2493824E-32
    3.585932      1.8986569E-32
    3.621791      1.5112429E-32
    3.658009      1.3504515E-32
    3.694589      1.1700459E-32
    3.731535      1.0375414E-32
    3.768850      9.4740759E-33
    3.806539      1.0516316E-32
    3.844604      8.0913901E-32
    3.883050      1.9249061E-32
    3.921881      1.6659582E-32
    3.961099      1.5313979E-32
    4.000710      1.6516903E-32
    4.040718      1.8359975E-32
    4.081125      1.8721639E-32
    4.121936      1.8115896E-32
    4.163155      1.0746282E-31
    4.204787      3.1305679E-31
    4.246835      5.0741328E-31
    4.289303      2.1372288E-25
    4.332196      1.2115097E-24
    4.375518      1.6468117E-24
    4.419273      2.9265198E-24
    4.463466      4.2103156E-24
    4.508101      3.7182747E-24
    4.553182      3.8768072E-24
    4.598714      3.0501758E-24
    4.644701      1.8758872E-24
    4.691148      1.6596233E-24
    4.738059      1.9417109E-24
    4.785440      2.2101925E-24
    4.833294      1.9190334E-24
    4.881627      1.8350844E-24
    4.930443      1.6072307E-24
    4.979748      1.5146145E-24
    5.029545      1.7241453E-24
    5.079841      1.2247333E-24
    5.130639      9.9655667E-25
    5.181946      9.4418284E-25
    5.233765      8.6256842E-25
    5.286103      7.4821936E-25
    5.338964      4.8261754E-25
    5.392353      3.3061055E-25
    5.446277      2.7224009E-25
    5.500740      2.0342201E-25
    5.555747      1.5935858E-25
    5.611304      1.1413688E-25
    5.667418      7.4036462E-26
    5.724092      5.4861151E-26
    5.781333      4.3840492E-26
    5.839146      2.7389315E-26
    5.897537      1.8730052E-26
    5.956513      1.2576748E-26
    6.016078      9.6551299E-27
    6.076239      5.2597768E-27
    6.137001      4.6844971E-27
    6.198371      2.9670623E-27
    6.260355      1.9622783E-27
    6.322958      1.3019635E-27
    6.386188      1.0015126E-27
    6.450050      6.9447517E-28
    6.514550      4.0178105E-28
    6.579696      2.7814762E-28
    6.645493      2.1192401E-28
    6.711948      1.2957684E-28
    6.779067      1.0704093E-28
    6.846858      5.8467941E-29
    6.915326      4.8272230E-29
    6.984480      2.7425886E-29
    7.054324      1.8585890E-29
    7.124868      1.2939852E-29
    7.196116      1.0275693E-29
    7.268078      7.1348461E-30
    7.340758      9.1386250E-30
    7.414166      6.8246459E-30
    7.488308      4.7670929E-30
    7.563191      3.4355247E-30
    7.638823      2.7125535E-30
    7.715211      1.7418061E-30
    7.792363      1.0501902E-30
    7.870286      6.8883418E-31
    7.948989      8.6448213E-31
    8.028479      8.0510609E-31
    8.108764      7.6640642E-31
    8.189852      7.3103887E-31
    8.271750      7.8072877E-31
    8.354468      7.5806124E-31
    8.438012      6.5851969E-31
    8.522393      3.9605733E-31
    8.607616      4.4259997E-31
    8.693693      4.2255442E-31
    8.780630      3.3905803E-31
    8.868436      3.0823484E-31
    8.957120      1.4146629E-31
    9.046691      2.3361992E-31
    9.137158      1.1467511E-31
    9.228530      1.1158442E-31
    9.320815      1.3255733E-31
    9.414023      1.1010372E-31
    9.508164      1.0626351E-31
    9.603245      9.9435621E-32
    9.699278      9.6340038E-32
    9.796270      1.4574124E-31
    9.894233      1.1026449E-31
    9.993175      1.3417649E-31
   10.093107      1.2224296E-31
   10.194038      1.3331651E-31
   10.295979      1.4835757E-31
   10.398938      1.6055532E-31
   10.502928      1.6419307E-31
   10.607957      2.5679344E-31
   10.714037      1.7759927E-31
   10.821177      2.6271457E-31
   10.929389      2.2928164E-31
   11.038683      2.3547975E-31
   11.149070      2.7564636E-31
   11.260560      2.6610994E-31
   11.373166      2.9444173E-31
   11.486898      3.7124600E-31
   11.601766      2.5026564E-31
   11.717784      3.9359829E-31
   11.834962      3.5183645E-31
   11.953312      4.5711348E-31
   12.072845      4.6704909E-31
   12.193573      4.0298328E-31
   12.315509      5.1310088E-31
   12.438664      5.6845873E-31
   12.563051      5.2209245E-31
   12.688681      5.4005193E-31
   12.815568      4.7956348E-31
   12.943724      6.1644105E-31
   13.073161      5.8187568E-31
   13.203892      7.8530784E-31
   13.335931      5.9376247E-31
   13.469291      6.8279620E-31
   13.603984      8.7040988E-31
   13.740023      9.0900635E-31
   13.877424      9.6069643E-31
   14.016198      8.4031217E-31
   14.156360      8.3354841E-31
   14.297924      8.2230337E-31
   14.440903      7.1258183E-31
   14.585312      1.0171580E-30
   14.731165      9.5257184E-31
   14.878477      8.6038343E-31
   15.027261      9.1024166E-31
   15.177534      6.1170405E-31
   15.329309      1.0491279E-30
   15.482602      7.9803475E-31
   15.637428      9.5850158E-31
   15.793803      5.7283523E-31
   15.951741      1.0240525E-30
   16.111258      1.0337579E-30
   16.272371      6.5674875E-31
   16.435094      6.6776634E-31
   16.599445      6.1756808E-31
   16.765440      7.4302510E-31
   16.933094      5.4466031E-31
   17.102425      7.7266655E-31
   17.273449      9.7503157E-31
   17.446184      6.1098949E-31
   17.620646      8.4487339E-31
   17.796852      7.4661983E-31
   17.974821      9.7262707E-31
   18.154569      4.6778942E-31
   18.336115      1.2292908E-30
   18.519476      9.6298042E-31
   18.704670      4.6241918E-31
   18.891717      9.0611508E-31
   19.080634      8.6932147E-31
   19.271441      1.1513733E-30
   19.464155      8.2113015E-31
   19.658797      6.2358000E-31
   19.855385      4.6070852E-31
   20.053938      9.0011468E-31
   20.254478      8.3777783E-31
   20.457023      5.2660812E-31
   20.661593      6.0826700E-31
   20.868209      9.3732498E-31
   21.076891      5.9027776E-31
   21.287660      3.7853339E-31
   21.500536      7.3722366E-31
   21.715542      7.0075685E-31
   21.932697      4.4196283E-31
   22.152024      5.1404979E-31
   22.373544      8.7410278E-31
   22.597280      3.9306279E-31
   22.823253      6.0222674E-31
   23.051485      4.2651181E-31
   23.282000      9.6858025E-31
   23.514820      6.5245678E-31
   23.749968      6.0147027E-31
   23.987468      2.9953848E-31
   24.227343      7.6140690E-31
   24.469616      5.8653501E-31
   24.714312      6.1735786E-31
   24.961455      3.7373206E-31
   25.211070      7.2596933E-31
   25.463180      7.7133805E-31
   25.717812      6.0683150E-31
   25.974990      3.3562682E-31
   26.234740      4.7987877E-31
   26.497088      1.0040472E-30
   26.762059      3.8645162E-31
   27.029679      6.2838660E-31
   27.299976      3.2626511E-31
   27.572976      4.3217864E-31
   27.848705      8.0774786E-31
   28.127193      7.7048630E-31
   28.408464      8.1742534E-31
   28.692549      2.5822867E-31
   28.979475      4.0830188E-31
   29.269269      9.1987373E-31
   29.561962      3.9151430E-31
   29.857582      7.1244635E-31
