# Pressure:     3.000E+00 Ba
# Temperature:    340.000 K
#  lambda [mu]   kappa [cm^2/mol]
    0.500000      4.2639166E-29
    0.505000      3.8501858E-29
    0.510050      6.4051692E-30
    0.515150      4.1453177E-31
    0.520302      2.3127641E-30
    0.525505      2.8678736E-30
    0.530760      8.2958942E-31
    0.536068      9.0924523E-30
    0.541428      2.2430748E-29
    0.546843      7.6654783E-30
    0.552311      6.4760214E-31
    0.557834      1.3278834E-30
    0.563413      1.3491428E-29
    0.569047      3.0895352E-29
    0.574737      1.8290931E-29
    0.580484      1.3340428E-29
    0.586289      3.2566420E-28
    0.592152      2.5241637E-28
    0.598074      4.5952550E-29
    0.604054      2.8731851E-30
    0.610095      2.2466608E-31
    0.616196      2.1844063E-31
    0.622358      2.4695531E-29
    0.628582      2.7075976E-29
    0.634867      2.0747003E-29
    0.641216      1.0152306E-28
    0.647628      1.6798613E-28
    0.654104      1.0744492E-28
    0.660645      1.4773877E-29
    0.667252      1.1979184E-30
    0.673924      1.8521686E-30
    0.680664      1.2744374E-29
    0.687470      3.1672186E-28
    0.694345      3.3665596E-28
    0.701288      2.8308648E-28
    0.708301      1.8629211E-28
    0.715384      2.9801605E-27
    0.722538      2.3083740E-27
    0.729764      6.4455238E-28
    0.737061      1.3167556E-28
    0.744432      1.3409017E-29
    0.751876      2.7354596E-30
    0.759395      6.6073947E-31
    0.766989      6.9651426E-31
    0.774659      5.0925616E-30
    0.782405      2.2235823E-28
    0.790229      2.0305801E-28
    0.798132      2.5984159E-28
    0.806113      1.2035555E-27
    0.814174      2.3551035E-27
    0.822316      2.1498895E-27
    0.830539      9.1890241E-28
    0.838844      3.8062765E-28
    0.847233      3.7243915E-28
    0.855705      3.5725062E-28
    0.864262      5.1537960E-28
    0.872905      8.4694814E-28
    0.881634      1.6488464E-27
    0.890450      1.5886439E-26
    0.899355      9.9717886E-27
    0.908348      6.0715448E-27
    0.917432      2.4795357E-27
    0.926606      5.5126695E-26
    0.935872      3.3265346E-26
    0.945231      3.6254154E-26
    0.954683      1.8711978E-26
    0.964230      5.0638487E-27
    0.973872      5.2513909E-27
    0.983611      4.2456579E-27
    0.993447      4.3709932E-27
    1.003382      4.4823044E-27
    1.013416      9.4286126E-27
    1.023550      1.1815415E-26
    1.033785      8.0721816E-27
    1.044123      3.2441220E-27
    1.054564      8.9119111E-28
    1.065110      1.2647520E-27
    1.075761      1.3514555E-27
    1.086519      1.8490574E-27
    1.097384      3.7419731E-27
    1.108358      3.3893113E-26
    1.119441      1.0309559E-25
    1.130636      8.9149628E-26
    1.141942      6.3590094E-26
    1.153361      7.0796268E-26
    1.164895      7.2710735E-26
    1.176544      3.4472731E-26
    1.188309      1.7998978E-26
    1.200192      1.7462617E-26
    1.212194      1.8373675E-26
    1.224316      9.3282545E-27
    1.236560      2.6867033E-27
    1.248925      3.3214417E-27
    1.261414      1.7596282E-27
    1.274028      4.2163388E-27
    1.286769      1.1322058E-26
    1.299636      1.7185588E-26
    1.312633      2.4265546E-26
    1.325759      4.3715487E-26
    1.339017      2.3778779E-25
    1.352407      1.4572387E-24
    1.365931      7.2210965E-25
    1.379590      1.0534978E-24
    1.393386      8.5528680E-25
    1.407320      4.2842902E-25
    1.421393      2.0956881E-25
    1.435607      1.5424645E-25
    1.449963      5.4728967E-26
    1.464463      1.2666967E-25
    1.479108      1.4617994E-25
    1.493899      1.6779744E-25
    1.508838      1.9096998E-25
    1.523926      9.9910984E-26
    1.539165      5.9253015E-26
    1.554557      1.7515941E-26
    1.570102      5.9871514E-27
    1.585803      3.6057520E-27
    1.601662      5.0620024E-27
    1.617678      4.4099588E-26
    1.633855      2.1293432E-25
    1.650193      9.2081310E-26
    1.666695      9.7773650E-26
    1.683362      1.2333426E-25
    1.700196      1.3531469E-25
    1.717198      1.1115091E-25
    1.734370      7.9471605E-26
    1.751714      5.5797386E-26
    1.769231      9.6787250E-26
    1.786923      2.5634781E-25
    1.804792      9.3292925E-25
    1.822840      1.8900500E-24
    1.841069      1.7197578E-24
    1.859479      2.4813835E-24
    1.878074      5.9914725E-25
    1.896855      1.4102727E-24
    1.915823      7.2733508E-25
    1.934982      5.0836332E-25
    1.954331      4.0278264E-25
    1.973875      3.5136284E-25
    1.993613      3.1769321E-25
    2.013550      1.9974820E-25
    2.033685      5.0161378E-26
    2.054022      1.7189995E-26
    2.074562      6.6207196E-27
    2.095308      2.7224610E-27
    2.116261      9.2387648E-27
    2.137423      3.8622095E-26
    2.158798      9.5226245E-26
    2.180386      2.1286730E-25
    2.202190      5.0705367E-25
    2.224211      8.3321847E-25
    2.246454      1.3192776E-24
    2.268918      1.2765653E-24
    2.291607      1.2742462E-24
    2.314523      1.1793227E-24
    2.337669      1.5677324E-24
    2.361045      1.7882836E-24
    2.384656      8.3808712E-25
    2.408502      3.9022050E-25
    2.432587      2.2701616E-25
    2.456913      1.6489948E-25
    2.481482      3.6048999E-25
    2.506297      1.6884539E-24
    2.531360      4.4349996E-24
    2.556674      1.3434088E-23
    2.582240      2.2698597E-23
    2.608063      1.3642468E-23
    2.634143      6.5461793E-24
    2.660485      1.4852519E-23
    2.687090      8.4882514E-24
    2.713961      1.1475844E-23
    2.741100      1.5004202E-23
    2.768511      5.7954675E-24
    2.796196      2.8410389E-24
    2.824158      2.2042592E-24
    2.852400      1.1792423E-24
    2.880924      1.1320398E-24
    2.909733      7.7442874E-25
    2.938830      6.7412226E-25
    2.968219      5.2262924E-25
    2.997901      5.4445915E-25
    3.027880      4.4545123E-25
    3.058159      3.7057060E-25
    3.088740      5.2512888E-25
    3.119628      1.0065497E-24
    3.150824      3.9517142E-24
    3.182332      1.9749941E-23
    3.214156      2.1025777E-23
    3.246297      1.6955002E-23
    3.278760      5.2276365E-24
    3.311548      9.1787007E-24
    3.344663      1.1179901E-23
    3.378110      1.4113973E-23
    3.411891      8.5313033E-24
    3.446010      3.2769470E-24
    3.480470      1.0969263E-24
    3.515275      1.1932335E-24
    3.550427      6.1724942E-25
    3.585932      4.2845041E-25
    3.621791      3.7705450E-25
    3.658009      2.4805340E-25
    3.694589      3.3672101E-25
    3.731535      1.6412637E-25
    3.768850      1.5413683E-25
    3.806539      7.7535259E-26
    3.844604      1.3981126E-25
    3.883050      9.4838480E-26
    3.921881      7.9130595E-26
    3.961099      7.4572196E-26
    4.000710      6.7919594E-26
    4.040718      5.5635651E-26
    4.081125      2.8675729E-26
    4.121936      1.8891549E-26
    4.163155      1.6952116E-26
    4.204787      2.9024442E-26
    4.246835      1.2579817E-26
    4.289303      8.2808118E-27
    4.332196      9.7765846E-27
    4.375518      7.7932070E-27
    4.419273      9.6734895E-27
    4.463466      6.1550959E-27
    4.508101      1.2769280E-26
    4.553182      1.0054456E-26
    4.598714      2.0557491E-26
    4.644701      5.1774606E-26
    4.691148      4.5806675E-26
    4.738059      2.6811430E-26
    4.785440      3.0535060E-26
    4.833294      2.8226161E-26
    4.881627      1.5746201E-25
    4.930443      4.3416444E-25
    4.979748      7.8209920E-25
    5.029545      5.2204320E-26
    5.079841      1.7778309E-25
    5.130639      8.6856245E-25
    5.181946      2.7079710E-24
    5.233765      6.3376997E-25
    5.286103      3.6241358E-25
    5.338964      9.0232283E-25
    5.392353      6.2814945E-24
    5.446277      3.9490521E-24
    5.500740      4.7613560E-24
    5.555747      8.5997306E-24
    5.611304      1.3552822E-23
    5.667418      1.4166529E-23
    5.724092      2.3770104E-23
    5.781333      2.0442255E-23
    5.839146      3.6379408E-23
    5.897537      2.5150212E-23
    5.956513      1.3117709E-23
    6.016078      4.0287455E-23
    6.076239      1.5421619E-23
    6.137001      1.8117668E-23
    6.198371      2.4341072E-24
    6.260355      1.6293253E-24
    6.322958      1.0182758E-23
    6.386188      3.2524788E-23
    6.450050      3.7856837E-23
    6.514550      2.9787988E-23
    6.579696      3.5368953E-23
    6.645493      1.8218833E-23
    6.711948      8.2577261E-24
    6.779067      8.2245574E-24
    6.846858      5.8394655E-24
    6.915326      1.2413447E-23
    6.984480      1.4476829E-23
    7.054324      3.0673640E-24
    7.124868      7.1884822E-24
    7.196116      4.4768178E-24
    7.268078      1.2262501E-23
    7.340758      1.7927939E-23
    7.414166      2.6492424E-23
    7.488308      1.2903467E-23
    7.563191      5.2394042E-24
    7.638823      6.5463165E-23
    7.715211      1.1194269E-23
    7.792363      8.4108962E-24
    7.870286      1.3194393E-23
    7.948989      9.1489751E-24
    8.028479      6.2090280E-24
    8.108764      3.3815532E-24
    8.189852      2.4113002E-24
    8.271750      8.9677411E-25
    8.354468      8.5979324E-25
    8.438012      2.2280789E-24
    8.522393      4.2177132E-25
    8.607616      1.8735574E-24
    8.693693      4.0694498E-24
    8.780630      1.5097416E-24
    8.868436      8.6369618E-24
    8.957120      2.0518144E-24
    9.046691      3.4396241E-24
    9.137158      1.1668361E-23
    9.228530      7.6238083E-24
    9.320815      8.9480982E-24
    9.414023      7.1476208E-24
    9.508164      1.1324128E-23
    9.603245      1.2403154E-23
    9.699278      3.6843832E-24
    9.796270      7.2317016E-24
    9.894233      1.4627974E-24
    9.993175      8.9033148E-24
   10.093107      2.8204256E-25
   10.194038      3.6425837E-25
   10.295979      4.6603259E-23
   10.398938      7.6402058E-24
   10.502928      5.3207747E-24
   10.607957      2.1870393E-24
   10.714037      5.4943452E-23
   10.821177      8.2367448E-24
   10.929389      2.1559520E-24
   11.038683      5.4166519E-25
   11.149070      4.7500378E-24
   11.260560      1.2316288E-24
   11.373166      4.4686565E-25
   11.486898      8.2732533E-24
   11.601766      3.7442588E-25
   11.717784      7.3243327E-24
   11.834962      4.4668905E-25
   11.953312      5.6642592E-24
   12.072845      4.6357793E-24
   12.193573      5.4149228E-24
   12.315509      3.4975782E-24
   12.438664      9.0686508E-25
   12.563051      1.4407618E-24
   12.688681      2.0364904E-24
   12.815568      2.0093339E-24
   12.943724      1.4536939E-24
   13.073161      1.2330439E-24
   13.203892      9.5674835E-25
   13.335931      1.4004012E-24
   13.469291      6.4855974E-25
   13.603984      4.8627274E-25
   13.740023      6.4196498E-25
   13.877424      2.6048523E-25
   14.016198      6.6057877E-25
   14.156360      3.1435804E-25
   14.297924      2.7465906E-25
   14.440903      7.2547145E-25
   14.585312      1.2328652E-25
   14.731165      1.0998697E-25
   14.878477      2.5190934E-25
   15.027261      3.0251207E-25
   15.177534      1.0368267E-25
   15.329309      3.0135511E-25
   15.482602      5.3543154E-25
   15.637428      1.1863955E-24
   15.793803      1.9920789E-24
   15.951741      1.3252962E-24
   16.111258      6.7141875E-25
   16.272371      2.3588992E-25
   16.435094      2.3796347E-25
   16.599445      5.5067391E-25
   16.765440      1.3740499E-24
   16.933094      6.4109372E-25
   17.102425      1.0391071E-24
   17.273449      1.5056695E-24
   17.446184      1.1157001E-24
   17.620646      1.6804048E-25
   17.796852      2.0673835E-25
   17.974821      7.2606822E-25
   18.154569      1.2719184E-24
   18.336115      2.2999815E-25
   18.519476      5.9683947E-25
   18.704670      2.7164306E-25
   18.891717      3.6511348E-24
   19.080634      2.7324866E-24
   19.271441      1.7560132E-24
   19.464155      1.2189038E-24
   19.658797      1.1950506E-24
   19.855385      9.9777197E-25
   20.053938      6.9465806E-25
   20.254478      7.7765124E-25
   20.457023      3.2833734E-24
   20.661593      7.1663407E-25
   20.868209      2.5075312E-24
   21.076891      3.3041866E-24
   21.287660      7.8228042E-25
   21.500536      4.8922522E-24
   21.715542      1.2930397E-23
   21.932697      4.2401921E-24
   22.152024      5.0555017E-24
   22.373544      9.6616229E-24
   22.597280      5.7785971E-25
   22.823253      2.4520049E-24
   23.051485      1.1357953E-24
   23.282000      6.2183242E-24
   23.514820      1.3997626E-23
   23.749968      2.4789477E-23
   23.987468      7.5523137E-25
   24.227343      4.6779493E-25
   24.469616      7.8196117E-25
   24.714312      1.0765801E-23
   24.961455      3.7998831E-23
   25.211070      3.9592202E-23
   25.463180      1.0236945E-24
   25.717812      9.0361351E-24
   25.974990      1.7948144E-24
   26.234740      7.5313268E-24
   26.497088      7.7452267E-23
   26.762059      1.0945033E-23
   27.029679      1.2541537E-24
   27.299976      1.5446033E-24
   27.572976      1.5605186E-23
   27.848705      2.1778651E-23
   28.127193      1.0533614E-22
   28.408464      1.2567638E-22
   28.692549      4.1463720E-24
   28.979475      8.6944870E-24
   29.269269      4.1637238E-24
   29.561962      3.3686733E-23
   29.857582      4.7380320E-24
