# Pressure:     3.000E+01 Ba
# Temperature:    230.000 K
#  lambda [mu]   kappa [cm^2/mol]
    0.500000      2.7076533E-31
    0.505000      2.5445704E-31
    0.510050      1.2582581E-31
    0.515150      1.2077002E-31
    0.520302      1.1592020E-31
    0.525505      1.4304439E-31
    0.530760      1.0680464E-31
    0.536068      1.1259052E-31
    0.541428      1.7728291E-31
    0.546843      9.7904232E-32
    0.552311      9.0692231E-32
    0.557834      8.7063979E-32
    0.563413      1.0608447E-31
    0.569047      2.0333700E-31
    0.574737      1.1189469E-31
    0.580484      9.5237990E-32
    0.586289      1.3508098E-30
    0.592152      9.9286202E-31
    0.598074      1.2115547E-31
    0.604054      6.2848449E-32
    0.610095      6.0344485E-32
    0.616196      5.7941279E-32
    0.622358      1.3796946E-31
    0.628582      2.1446018E-31
    0.634867      1.4343181E-31
    0.641216      4.2731825E-31
    0.647628      7.7603332E-31
    0.654104      4.4087577E-31
    0.660645      6.2656641E-32
    0.667252      4.1883517E-32
    0.673924      4.0221137E-32
    0.680664      7.3372037E-32
    0.687470      9.0614927E-31
    0.694345      1.5996678E-30
    0.701288      8.3159626E-31
    0.708301      4.7734754E-31
    0.715384      1.3301592E-29
    0.722538      8.9174360E-30
    0.729764      1.5761728E-30
    0.737061      2.0789787E-31
    0.744432      3.6389259E-32
    0.751876      2.8222703E-32
    0.759395      2.4764485E-32
    0.766989      2.3785407E-32
    0.774659      2.7063316E-32
    0.782405      6.9614259E-31
    0.790229      1.2870662E-30
    0.798132      1.6349431E-30
    0.806113      2.6616671E-30
    0.814174      1.3259435E-29
    0.822316      1.0476667E-29
    0.830539      1.1210825E-28
    0.838844      2.7742192E-28
    0.847233      2.7284444E-28
    0.855705      3.2754061E-28
    0.864262      4.7226571E-28
    0.872905      7.9472679E-28
    0.881634      1.2500313E-27
    0.890450      1.3492685E-26
    0.899355      7.0601323E-27
    0.908348      5.1760271E-28
    0.917432      2.7125609E-28
    0.926606      6.5670942E-28
    0.935872      4.1084363E-28
    0.945231      2.3091940E-28
    0.954683      2.1908114E-28
    0.964230      5.9834593E-28
    0.973872      1.3963846E-27
    0.983611      4.0150649E-27
    0.993447      4.3744628E-27
    1.003382      3.9489611E-27
    1.013416      8.4590204E-27
    1.023550      1.3883311E-26
    1.033785      7.6126156E-27
    1.044123      2.1322809E-27
    1.054564      6.0575932E-28
    1.065110      1.0286647E-27
    1.075761      1.0656951E-27
    1.086519      8.7196036E-28
    1.097384      6.2488680E-28
    1.108358      1.5896504E-27
    1.119441      1.3449177E-26
    1.130636      1.2239415E-26
    1.141942      5.0015150E-27
    1.153361      4.4265011E-26
    1.164895      7.0998885E-26
    1.176544      3.0064446E-26
    1.188309      1.2441065E-26
    1.200192      1.6552223E-26
    1.212194      1.9089650E-26
    1.224316      8.3509395E-27
    1.236560      1.3781185E-27
    1.248925      2.7657853E-27
    1.261414      2.0308489E-27
    1.274028      2.8252655E-27
    1.286769      1.0734577E-26
    1.299636      1.3625018E-26
    1.312633      1.7778563E-26
    1.325759      2.2494103E-26
    1.339017      2.1127323E-26
    1.352407      4.6926493E-26
    1.365931      3.4157706E-26
    1.379590      5.1159315E-26
    1.393386      6.0288257E-26
    1.407320      3.1718727E-26
    1.421393      1.5310203E-26
    1.435607      2.0306543E-26
    1.449963      1.5844849E-26
    1.464463      3.9233546E-26
    1.479108      1.0109381E-25
    1.493899      1.9950635E-25
    1.508838      2.0802420E-25
    1.523926      9.9429139E-26
    1.539165      4.1431455E-26
    1.554557      8.8471632E-27
    1.570102      4.1648233E-27
    1.585803      2.1295436E-27
    1.601662      2.1238711E-27
    1.617678      2.0093651E-26
    1.633855      1.9460928E-25
    1.650193      1.3426213E-25
    1.666695      1.0551932E-25
    1.683362      1.0560227E-25
    1.700196      1.5026526E-25
    1.717198      1.2975378E-25
    1.734370      6.2934190E-26
    1.751714      3.0474053E-26
    1.769231      6.7828485E-26
    1.786923      7.8727836E-26
    1.804792      3.6941292E-26
    1.822840      2.4289561E-26
    1.841069      1.8287350E-26
    1.859479      1.4159067E-26
    1.878074      7.5793642E-27
    1.896855      1.8486478E-26
    1.915823      5.5817385E-26
    1.934982      2.6315566E-25
    1.954331      4.4638730E-25
    1.973875      4.0433874E-25
    1.993613      3.3390052E-25
    2.013550      1.2662193E-25
    2.033685      2.4345429E-26
    2.054022      8.9495522E-27
    2.074562      2.3016844E-27
    2.095308      5.0614338E-28
    2.116261      3.1796809E-27
    2.137423      2.5916503E-26
    2.158798      9.7036383E-26
    2.180386      1.5956215E-25
    2.202190      4.7770557E-25
    2.224211      8.1667877E-25
    2.246454      1.2357178E-24
    2.268918      1.4653275E-24
    2.291607      1.4950944E-24
    2.314523      1.1291617E-24
    2.337669      1.5963939E-24
    2.361045      1.8194293E-24
    2.384656      6.9233611E-25
    2.408502      2.1201697E-25
    2.432587      9.0540160E-26
    2.456913      3.2409440E-26
    2.481482      2.4545334E-26
    2.506297      2.9392237E-26
    2.531360      3.7552194E-26
    2.556674      1.8399479E-25
    2.582240      2.0913268E-25
    2.608063      1.0404218E-25
    2.634143      4.7163358E-26
    2.660485      6.1820320E-26
    2.687090      4.8836510E-26
    2.713961      4.7058867E-26
    2.741100      3.7673426E-26
    2.768511      2.3837459E-26
    2.796196      8.5350895E-26
    2.824158      2.7102477E-25
    2.852400      4.0263995E-25
    2.880924      6.5519183E-25
    2.909733      7.0464110E-25
    2.938830      5.8073349E-25
    2.968219      5.8200330E-25
    2.997901      3.4851334E-25
    3.027880      2.9627570E-25
    3.058159      2.5763545E-25
    3.088740      3.0800567E-25
    3.119628      2.4044174E-25
    3.150824      1.3285121E-24
    3.182332      1.0966385E-23
    3.214156      2.7247860E-23
    3.246297      2.8299551E-23
    3.278760      1.5020634E-23
    3.311548      1.0939309E-23
    3.344663      1.6427886E-23
    3.378110      1.2668949E-23
    3.411891      4.9817988E-24
    3.446010      1.3927962E-24
    3.480470      5.9653593E-25
    3.515275      1.1452655E-24
    3.550427      6.5395329E-25
    3.585932      4.0913423E-25
    3.621791      3.6284093E-25
    3.658009      2.1416485E-25
    3.694589      2.4369968E-25
    3.731535      1.4055616E-25
    3.768850      1.1346161E-25
    3.806539      8.8585340E-26
    3.844604      1.1838245E-25
    3.883050      9.5703860E-26
    3.921881      7.1679602E-26
    3.961099      6.6366281E-26
    4.000710      5.6597507E-26
    4.040718      4.0098292E-26
    4.081125      2.3054371E-26
    4.121936      1.0606557E-26
    4.163155      8.7985520E-27
    4.204787      1.5676686E-26
    4.246835      5.2434149E-27
    4.289303      2.6472793E-27
    4.332196      4.2087495E-27
    4.375518      2.0929110E-27
    4.419273      1.7835455E-27
    4.463466      7.6725784E-28
    4.508101      4.6842342E-28
    4.553182      1.7668743E-28
    4.598714      7.2872489E-29
    4.644701      5.3387996E-29
    4.691148      4.3829207E-29
    4.738059      6.7081810E-29
    4.785440      1.1635459E-28
    4.833294      2.0301928E-28
    4.881627      2.9504210E-28
    4.930443      6.3155767E-28
    4.979748      1.1784357E-27
    5.029545      3.8582006E-28
    5.079841      7.4554646E-28
    5.130639      2.0766895E-27
    5.181946      6.2270490E-27
    5.233765      3.4069537E-27
    5.286103      1.2682143E-26
    5.338964      1.6860765E-26
    5.392353      4.2375626E-26
    5.446277      5.8115896E-26
    5.500740      1.4154837E-25
    5.555747      2.9554297E-25
    5.611304      4.5153403E-25
    5.667418      8.7345708E-25
    5.724092      1.6103499E-24
    5.781333      1.4777434E-24
    5.839146      1.5180280E-24
    5.897537      1.9708524E-24
    5.956513      1.0584348E-24
    6.016078      1.0496107E-24
    6.076239      2.3542624E-24
    6.137001      6.1624041E-24
    6.198371      1.3639353E-24
    6.260355      1.2414652E-24
    6.322958      1.5621354E-24
    6.386188      2.2632925E-24
    6.450050      2.4193126E-24
    6.514550      1.8096795E-24
    6.579696      1.4223131E-24
    6.645493      9.9547011E-25
    6.711948      6.4930074E-25
    6.779067      4.3333526E-25
    6.846858      3.0479348E-25
    6.915326      2.1213800E-25
    6.984480      1.4513743E-25
    7.054324      8.9305036E-26
    7.124868      1.1972408E-25
    7.196116      6.4552442E-25
    7.268078      3.6285801E-24
    7.340758      1.3536687E-23
    7.414166      2.5148672E-23
    7.488308      2.0739873E-23
    7.563191      1.0593139E-23
    7.638823      5.7530717E-23
    7.715211      1.3436867E-23
    7.792363      1.1477281E-23
    7.870286      1.2374291E-23
    7.948989      6.5950008E-24
    8.028479      3.2003278E-24
    8.108764      1.1974453E-24
    8.189852      5.4666868E-25
    8.271750      2.0024552E-25
    8.354468      1.6340167E-25
    8.438012      5.1930526E-25
    8.522393      2.4862986E-25
    8.607616      7.5857115E-25
    8.693693      1.9066664E-24
    8.780630      9.7156850E-25
    8.868436      4.9795101E-24
    8.957120      2.1508903E-24
    9.046691      3.2236548E-24
    9.137158      1.0348289E-23
    9.228530      6.5947966E-24
    9.320815      1.0833697E-23
    9.414023      7.5934699E-24
    9.508164      1.5223474E-23
    9.603245      1.3980426E-23
    9.699278      5.7775072E-24
    9.796270      9.6268125E-24
    9.894233      4.6324806E-24
    9.993175      1.2125656E-23
   10.093107      2.0150728E-24
   10.194038      2.8357849E-24
   10.295979      4.8811234E-23
   10.398938      7.0263626E-24
   10.502928      7.3611998E-24
   10.607957      4.8213933E-24
   10.714037      5.2390685E-23
   10.821177      6.9088113E-24
   10.929389      3.9263384E-24
   11.038683      1.5451381E-24
   11.149070      6.8382129E-24
   11.260560      2.8092192E-24
   11.373166      1.7621033E-24
   11.486898      7.6907599E-24
   11.601766      1.7742228E-24
   11.717784      7.1801032E-24
   11.834962      1.1163989E-24
   11.953312      5.1007801E-24
   12.072845      2.8228683E-24
   12.193573      3.8619228E-24
   12.315509      2.0740060E-24
   12.438664      7.9134737E-25
   12.563051      1.1708012E-24
   12.688681      8.8805239E-25
   12.815568      8.9852219E-25
   12.943724      6.1828876E-25
   13.073161      4.3026188E-25
   13.203892      3.0889710E-25
   13.335931      2.9173034E-25
   13.469291      1.7552024E-25
   13.603984      1.2614171E-25
   13.740023      1.3245814E-25
   13.877424      5.6916374E-26
   14.016198      1.0113294E-25
   14.156360      3.8473564E-26
   14.297924      3.4738912E-26
   14.440903      7.6041485E-26
   14.585312      1.6289887E-26
   14.731165      1.3841083E-26
   14.878477      2.8190952E-26
   15.027261      7.8314589E-27
   15.177534      1.1151315E-26
   15.329309      4.8723075E-26
   15.482602      3.1113916E-26
   15.637428      7.4302668E-26
   15.793803      3.3011769E-25
   15.951741      1.8954250E-25
   16.111258      5.6062798E-26
   16.272371      2.3958869E-26
   16.435094      1.0351797E-26
   16.599445      6.2267522E-27
   16.765440      1.7968776E-26
   16.933094      2.0863901E-26
   17.102425      5.7844404E-27
   17.273449      8.1973748E-27
   17.446184      3.8696382E-26
   17.620646      5.9771992E-27
   17.796852      1.1289263E-26
   17.974821      7.4993409E-26
   18.154569      2.8079649E-26
   18.336115      7.2130143E-27
   18.519476      2.1346006E-26
   18.704670      2.9711749E-26
   18.891717      1.2551841E-26
   19.080634      2.8020442E-26
   19.271441      2.1530963E-26
   19.464155      1.2574241E-26
   19.658797      1.3345097E-26
   19.855385      1.8912261E-26
   20.053938      8.8516059E-27
   20.254478      1.1110065E-26
   20.457023      1.2670619E-26
   20.661593      5.7309732E-27
   20.868209      5.4501832E-27
   21.076891      6.9437611E-27
   21.287660      5.6567881E-27
   21.500536      6.7265723E-27
   21.715542      1.1602329E-26
   21.932697      5.1144088E-27
   22.152024      3.2018854E-27
   22.373544      6.3550599E-27
   22.597280      4.6473164E-27
   22.823253      3.7280672E-27
   23.051485      4.8810210E-27
   23.282000      6.7987402E-27
   23.514820      1.6213221E-26
   23.749968      2.3385479E-26
   23.987468      6.3162457E-27
   24.227343      6.0007026E-27
   24.469616      6.4907562E-27
   24.714312      1.1981861E-26
   24.961455      2.7124724E-26
   25.211070      2.0774769E-26
   25.463180      8.4639006E-27
   25.717812      1.8551573E-26
   25.974990      1.0717710E-26
   26.234740      1.8551345E-26
   26.497088      4.4620914E-26
   26.762059      2.3391888E-26
   27.029679      1.1915506E-26
   27.299976      1.3496686E-26
   27.572976      2.5935199E-26
   27.848705      5.0728750E-26
   28.127193      8.7908604E-26
   28.408464      9.7180196E-26
   28.692549      3.0074034E-26
   28.979475      3.1579585E-26
   29.269269      3.3058262E-26
   29.561962      6.9500911E-26
   29.857582      5.3640008E-26
