# Pressure:     1.000E-03 Ba
# Temperature:    320.000 K
#  lambda [mu]   kappa [cm^2/mol]
    0.500000      4.1526812E-29
    0.505000      3.5652246E-29
    0.510050      5.9495319E-30
    0.515150      3.6601059E-31
    0.520302      2.2208949E-30
    0.525505      2.5282210E-30
    0.530760      8.0863244E-31
    0.536068      7.7234118E-30
    0.541428      2.2972351E-29
    0.546843      6.8451094E-30
    0.552311      5.8135315E-31
    0.557834      1.1791731E-30
    0.563413      1.2614447E-29
    0.569047      2.9356239E-29
    0.574737      1.7555347E-29
    0.580484      1.1108438E-29
    0.586289      3.1526112E-28
    0.592152      2.0715215E-28
    0.598074      3.9632204E-29
    0.604054      2.3826780E-30
    0.610095      1.8438861E-31
    0.616196      1.4524118E-31
    0.622358      2.1784833E-29
    0.628582      2.1532524E-29
    0.634867      1.9464105E-29
    0.641216      9.0390409E-29
    0.647628      1.3757440E-28
    0.654104      9.4012429E-29
    0.660645      1.2289897E-29
    0.667252      9.6644277E-31
    0.673924      1.5143281E-30
    0.680664      1.0295830E-29
    0.687470      2.6710109E-28
    0.694345      3.2566785E-28
    0.701288      2.5062856E-28
    0.708301      1.8647068E-28
    0.715384      2.3738254E-27
    0.722538      2.1242200E-27
    0.729764      5.2598794E-28
    0.737061      1.1410506E-28
    0.744432      1.1012753E-29
    0.751876      2.2847435E-30
    0.759395      5.3495137E-31
    0.766989      4.2617661E-31
    0.774659      3.0630382E-30
    0.782405      1.5453697E-28
    0.790229      1.4939365E-28
    0.798132      2.2699044E-28
    0.806113      1.0780436E-27
    0.814174      1.1038448E-27
    0.822316      1.1237925E-27
    0.830539      7.8496306E-28
    0.838844      3.7860969E-28
    0.847233      3.5228636E-28
    0.855705      3.5797003E-28
    0.864262      5.2195360E-28
    0.872905      8.6771058E-28
    0.881634      1.5853216E-27
    0.890450      1.5581470E-26
    0.899355      9.7570148E-27
    0.908348      5.9796032E-27
    0.917432      1.9811626E-27
    0.926606      4.3445027E-26
    0.935872      2.0549328E-26
    0.945231      2.7408326E-26
    0.954683      1.5967620E-26
    0.964230      4.5209123E-27
    0.973872      4.2453099E-27
    0.983611      4.5159432E-27
    0.993447      4.6507224E-27
    1.003382      4.5911185E-27
    1.013416      9.9724304E-27
    1.023550      1.2846786E-26
    1.033785      8.5552578E-27
    1.044123      3.2422151E-27
    1.054564      8.8118723E-28
    1.065110      1.2611308E-27
    1.075761      1.3751634E-27
    1.086519      1.7431729E-27
    1.097384      3.1603708E-27
    1.108358      2.5378971E-26
    1.119441      6.2372712E-26
    1.130636      7.4997779E-26
    1.141942      3.6439226E-26
    1.153361      6.6698386E-26
    1.164895      7.7668656E-26
    1.176544      3.8403408E-26
    1.188309      1.8015083E-26
    1.200192      1.7809183E-26
    1.212194      1.9580335E-26
    1.224316      9.5224729E-27
    1.236560      2.7125244E-27
    1.248925      3.0432652E-27
    1.261414      1.8431127E-27
    1.274028      4.3504975E-27
    1.286769      1.1777850E-26
    1.299636      1.6567461E-26
    1.312633      2.2256221E-26
    1.325759      4.4050108E-26
    1.339017      1.5730603E-25
    1.352407      8.8396655E-25
    1.365931      5.5332207E-25
    1.379590      7.9705645E-25
    1.393386      6.4811193E-25
    1.407320      3.2994885E-25
    1.421393      1.6715884E-25
    1.435607      1.3216951E-25
    1.449963      5.3190423E-26
    1.464463      9.7839795E-26
    1.479108      1.4530394E-25
    1.493899      1.7805587E-25
    1.508838      2.0387977E-25
    1.523926      9.8023749E-26
    1.539165      5.6995418E-26
    1.554557      1.6816016E-26
    1.570102      5.9761146E-27
    1.585803      3.7121626E-27
    1.601662      5.0591853E-27
    1.617678      4.1660239E-26
    1.633855      1.3177763E-25
    1.650193      1.0378922E-25
    1.666695      9.3744953E-26
    1.683362      1.2290110E-25
    1.700196      1.4924159E-25
    1.717198      1.1875864E-25
    1.734370      8.1431150E-26
    1.751714      5.2560353E-26
    1.769231      8.8545454E-26
    1.786923      1.6170765E-25
    1.804792      3.3717700E-25
    1.822840      6.1863451E-25
    1.841069      8.0109020E-25
    1.859479      1.2966049E-24
    1.878074      2.6366890E-25
    1.896855      5.4476416E-25
    1.915823      4.6663589E-25
    1.934982      3.5924273E-25
    1.954331      3.4705666E-25
    1.973875      3.0869530E-25
    1.993613      2.7266481E-25
    2.013550      1.5778843E-25
    2.033685      4.7890363E-26
    2.054022      1.5050305E-26
    2.074562      5.7204241E-27
    2.095308      2.3485303E-27
    2.116261      7.9659407E-27
    2.137423      2.7968575E-26
    2.158798      9.8069731E-26
    2.180386      2.0262185E-25
    2.202190      3.9809179E-25
    2.224211      8.0082261E-25
    2.246454      1.3200057E-24
    2.268918      1.3669726E-24
    2.291607      1.3498766E-24
    2.314523      1.2653782E-24
    2.337669      1.5256094E-24
    2.361045      1.7354686E-24
    2.384656      6.0705669E-25
    2.408502      3.6610904E-25
    2.432587      1.8581828E-25
    2.456913      1.1150907E-25
    2.481482      1.8175460E-25
    2.506297      6.5040015E-25
    2.531360      1.3239358E-24
    2.556674      5.0012940E-24
    2.582240      6.8518323E-24
    2.608063      4.2382034E-24
    2.634143      2.3720337E-24
    2.660485      7.8570680E-24
    2.687090      3.4894560E-24
    2.713961      3.2145343E-24
    2.741100      4.9995644E-24
    2.768511      2.4074381E-24
    2.796196      1.4101004E-24
    2.824158      1.3002888E-24
    2.852400      7.6047186E-25
    2.880924      8.7314425E-25
    2.909733      6.7008956E-25
    2.938830      6.5091807E-25
    2.968219      3.5755158E-25
    2.997901      4.4463104E-25
    3.027880      4.0784506E-25
    3.058159      2.9707773E-25
    3.088740      4.3138870E-25
    3.119628      4.8502683E-25
    3.150824      1.7567883E-24
    3.182332      6.8953358E-24
    3.214156      7.3178548E-24
    3.246297      6.5239827E-24
    3.278760      4.2911826E-24
    3.311548      8.7993636E-24
    3.344663      4.7219231E-24
    3.378110      6.5722893E-24
    3.411891      3.7739218E-24
    3.446010      2.0542968E-24
    3.480470      7.2545291E-25
    3.515275      1.1155172E-24
    3.550427      6.5882122E-25
    3.585932      5.0972103E-25
    3.621791      3.2040369E-25
    3.658009      2.2928932E-25
    3.694589      2.8604148E-25
    3.731535      1.4354178E-25
    3.768850      1.4498087E-25
    3.806539      6.2976251E-26
    3.844604      1.4939456E-25
    3.883050      8.4798186E-26
    3.921881      7.6223546E-26
    3.961099      6.5527556E-26
    4.000710      4.6938709E-26
    4.040718      4.1901903E-26
    4.081125      2.4846791E-26
    4.121936      1.5436063E-26
    4.163155      9.6588166E-27
    4.204787      1.6097853E-26
    4.246835      9.1195508E-27
    4.289303      5.5538705E-27
    4.332196      4.9121246E-27
    4.375518      4.3561882E-27
    4.419273      5.2296950E-27
    4.463466      2.9480790E-27
    4.508101      7.2023062E-27
    4.553182      3.3415452E-27
    4.598714      4.2308112E-27
    4.644701      1.3042581E-26
    4.691148      1.3848109E-26
    4.738059      4.8835395E-27
    4.785440      8.5897726E-27
    4.833294      7.9719847E-27
    4.881627      2.7359915E-26
    4.930443      6.7672987E-26
    4.979748      1.3039468E-25
    5.029545      5.7154316E-27
    5.079841      5.9394514E-26
    5.130639      2.3218444E-25
    5.181946      4.7457419E-25
    5.233765      2.6270691E-25
    5.286103      7.1873243E-26
    5.338964      2.5960632E-25
    5.392353      2.5264404E-24
    5.446277      7.0145553E-25
    5.500740      9.9287768E-25
    5.555747      2.2255909E-24
    5.611304      3.0988705E-24
    5.667418      3.7735077E-24
    5.724092      6.3595427E-24
    5.781333      5.3416145E-24
    5.839146      9.4820732E-24
    5.897537      6.7759824E-24
    5.956513      4.0609025E-24
    6.016078      1.0476428E-23
    6.076239      4.6131346E-24
    6.137001      6.9433465E-24
    6.198371      1.3636995E-24
    6.260355      7.6212024E-25
    6.322958      2.5401339E-24
    6.386188      8.9958736E-24
    6.450050      9.0887068E-24
    6.514550      7.3958225E-24
    6.579696      1.4533869E-23
    6.645493      4.0212027E-24
    6.711948      1.8826031E-24
    6.779067      2.8292307E-24
    6.846858      1.8378032E-24
    6.915326      2.7211802E-24
    6.984480      3.2968688E-24
    7.054324      8.4882750E-25
    7.124868      1.5231405E-24
    7.196116      1.4362236E-24
    7.268078      2.9096054E-24
    7.340758      6.0943243E-24
    7.414166      8.0217316E-24
    7.488308      5.1869075E-24
    7.563191      2.0837389E-24
    7.638823      6.3500323E-23
    7.715211      6.0895053E-24
    7.792363      3.6136669E-24
    7.870286      4.0853752E-24
    7.948989      3.1765162E-24
    8.028479      2.4989245E-24
    8.108764      1.4015046E-24
    8.189852      1.1369089E-24
    8.271750      4.2614156E-25
    8.354468      3.8100056E-25
    8.438012      5.9056145E-25
    8.522393      1.3597041E-25
    8.607616      5.0328958E-25
    8.693693      7.8767713E-25
    8.780630      4.5371583E-25
    8.868436      1.6189429E-24
    8.957120      4.1737280E-25
    9.046691      9.8101777E-25
    9.137158      1.8322624E-24
    9.228530      1.2908437E-24
    9.320815      1.1237838E-24
    9.414023      1.1875854E-24
    9.508164      1.3139924E-24
    9.603245      1.9990592E-24
    9.699278      5.6933831E-25
    9.796270      1.0199741E-24
    9.894233      3.6982071E-26
    9.993175      1.7207358E-24
   10.093107      2.4981497E-27
   10.194038      1.1041279E-26
   10.295979      3.1901204E-23
   10.398938      4.5403005E-24
   10.502928      2.6030433E-24
   10.607957      1.0405149E-24
   10.714037      2.9672276E-23
   10.821177      2.5562301E-24
   10.929389      8.2010851E-25
   11.038683      2.2569639E-25
   11.149070      9.3257237E-25
   11.260560      8.3848846E-26
   11.373166      4.1215284E-26
   11.486898      1.7460412E-24
   11.601766      4.1380677E-26
   11.717784      1.7107604E-24
   11.834962      9.8607378E-26
   11.953312      1.4770939E-24
   12.072845      1.3916011E-24
   12.193573      1.1679412E-24
   12.315509      9.8302002E-25
   12.438664      2.5879277E-25
   12.563051      4.8784173E-25
   12.688681      4.4833191E-25
   12.815568      5.7026173E-25
   12.943724      3.6124164E-25
   13.073161      2.8932522E-25
   13.203892      3.1395205E-25
   13.335931      3.2406803E-25
   13.469291      1.6911796E-25
   13.603984      1.6158607E-25
   13.740023      2.4088136E-25
   13.877424      1.1436178E-25
   14.016198      3.1494649E-25
   14.156360      1.0987584E-25
   14.297924      6.7921534E-26
   14.440903      2.2788356E-25
   14.585312      4.6919993E-26
   14.731165      5.0248363E-26
   14.878477      1.1378995E-25
   15.027261      9.1494136E-26
   15.177534      4.9335034E-26
   15.329309      1.0817408E-25
   15.482602      1.3818030E-25
   15.637428      2.5331898E-25
   15.793803      9.6743636E-25
   15.951741      3.2933874E-25
   16.111258      1.8445797E-25
   16.272371      7.1103084E-26
   16.435094      7.3834517E-26
   16.599445      1.1853373E-25
   16.765440      2.9484472E-25
   16.933094      9.8445751E-26
   17.102425      2.1435108E-25
   17.273449      2.6055116E-25
   17.446184      2.3729433E-25
   17.620646      3.3357067E-26
   17.796852      4.0414238E-26
   17.974821      1.4173933E-25
   18.154569      2.9100991E-25
   18.336115      4.9760158E-26
   18.519476      1.3733322E-25
   18.704670      4.7295139E-26
   18.891717      6.0634162E-25
   19.080634      5.9285628E-25
   19.271441      1.7806506E-25
   19.464155      1.8749368E-25
   19.658797      1.5422853E-25
   19.855385      1.7003412E-25
   20.053938      1.0972571E-25
   20.254478      1.1968499E-25
   20.457023      6.2235838E-25
   20.661593      1.4241145E-25
   20.868209      1.8705666E-25
   21.076891      7.3421245E-25
   21.287660      4.0627417E-26
   21.500536      5.4442481E-25
   21.715542      3.7514029E-24
   21.932697      7.7263190E-25
   22.152024      1.0229574E-24
   22.373544      1.4336824E-24
   22.597280      2.9677585E-26
   22.823253      3.4820737E-25
   23.051485      3.0895928E-25
   23.282000      1.1701654E-24
   23.514820      2.4040185E-24
   23.749968      6.1100195E-24
   23.987468      3.1052127E-26
   24.227343      3.7867899E-26
   24.469616      6.1888587E-26
   24.714312      2.0696520E-24
   24.961455      8.8925445E-24
   25.211070      5.8973077E-24
   25.463180      3.8003799E-26
   25.717812      2.7014784E-24
   25.974990      1.0207680E-25
   26.234740      1.5852575E-25
   26.497088      1.4291695E-23
   26.762059      3.3124059E-24
   27.029679      2.4137458E-26
   27.299976      9.1675770E-26
   27.572976      3.6264938E-24
   27.848705      9.8386928E-26
   28.127193      2.3628948E-23
   28.408464      2.3270911E-23
   28.692549      2.5355338E-25
   28.979475      1.2757664E-25
   29.269269      1.6106750E-25
   29.561962      1.4202839E-23
   29.857582      1.2202441E-25
