# Pressure:     1.000E+02 Ba
# Temperature:    180.000 K
#  lambda [mu]   kappa [cm^2/mol]
    0.500000      1.3658872E-31
    0.505000      1.3109386E-31
    0.510050      1.2582325E-31
    0.515150      1.2076756E-31
    0.520302      1.1591785E-31
    0.525505      1.1833644E-31
    0.530760      1.0680247E-31
    0.536068      1.0252076E-31
    0.541428      9.8412926E-32
    0.546843      9.4471763E-32
    0.552311      9.0690390E-32
    0.557834      8.7062211E-32
    0.563413      8.3580912E-32
    0.569047      8.0240445E-32
    0.574737      7.7035016E-32
    0.580484      7.3959075E-32
    0.586289      7.1007307E-32
    0.592152      6.8174620E-32
    0.598074      6.5456133E-32
    0.604054      6.2847173E-32
    0.610095      6.0343260E-32
    0.616196      5.7940103E-32
    0.622358      5.5633587E-32
    0.628582      7.9677969E-32
    0.634867      1.0603778E-31
    0.641216      1.3492338E-31
    0.647628      4.7297532E-32
    0.654104      1.2557628E-31
    0.660645      4.3614343E-32
    0.667252      4.1882667E-32
    0.673924      4.0220320E-32
    0.680664      3.8624494E-32
    0.687470      3.7092494E-32
    0.694345      3.5621738E-32
    0.701288      3.4209749E-32
    0.708301      3.2854152E-32
    0.715384      3.1552671E-32
    0.722538      3.0303122E-32
    0.729764      6.8606599E-32
    0.737061      2.7951528E-32
    0.744432      2.6845548E-32
    0.751876      2.5783624E-32
    0.759395      2.4763982E-32
    0.766989      2.3784924E-32
    0.774659      2.2844818E-32
    0.782405      2.1942101E-32
    0.790229      1.7014676E-31
    0.798132      5.3089154E-31
    0.806113      4.2530765E-31
    0.814174      3.6325096E-31
    0.822316      2.4206800E-30
    0.830539      9.7986330E-29
    0.838844      2.8436596E-28
    0.847233      2.6245817E-28
    0.855705      3.2977046E-28
    0.864262      4.5649998E-28
    0.872905      7.9468757E-28
    0.881634      1.1932063E-27
    0.890450      1.4689931E-26
    0.899355      6.9701313E-27
    0.908348      3.2283419E-28
    0.917432      2.3421351E-28
    0.926606      4.9256195E-28
    0.935872      2.4275184E-28
    0.945231      1.0429607E-28
    0.954683      1.6251706E-28
    0.964230      5.9601907E-28
    0.973872      1.2261437E-27
    0.983611      4.2955847E-27
    0.993447      4.3998420E-27
    1.003382      3.7826883E-27
    1.013416      8.1095018E-27
    1.023550      1.5472854E-26
    1.033785      7.3000384E-27
    1.044123      1.5416704E-27
    1.054564      5.6707235E-28
    1.065110      9.4473705E-28
    1.075761      1.1361617E-27
    1.086519      7.6968761E-28
    1.097384      6.1908044E-28
    1.108358      1.2973818E-27
    1.119441      1.2310127E-26
    1.130636      1.2334058E-26
    1.141942      4.2450304E-27
    1.153361      3.9539527E-26
    1.164895      7.8186375E-26
    1.176544      2.7580113E-26
    1.188309      1.0808215E-26
    1.200192      1.7348998E-26
    1.212194      1.9917635E-26
    1.224316      8.0865812E-27
    1.236560      9.9023732E-28
    1.248925      2.3716991E-27
    1.261414      2.4473619E-27
    1.274028      2.3370253E-27
    1.286769      1.1253457E-26
    1.299636      1.4509080E-26
    1.312633      1.8552062E-26
    1.325759      2.2052560E-26
    1.339017      1.9425735E-26
    1.352407      4.2433918E-26
    1.365931      2.9998366E-26
    1.379590      4.5765117E-26
    1.393386      6.0276359E-26
    1.407320      3.1431127E-26
    1.421393      1.2144054E-26
    1.435607      1.7557791E-26
    1.449963      1.7983015E-26
    1.464463      3.3543659E-26
    1.479108      9.6110375E-26
    1.493899      2.2293995E-25
    1.508838      2.1393752E-25
    1.523926      9.8918707E-26
    1.539165      2.9358960E-26
    1.554557      6.8586479E-27
    1.570102      4.1229897E-27
    1.585803      1.7064154E-27
    1.601662      1.3553000E-27
    1.617678      1.3254943E-26
    1.633855      1.5599649E-25
    1.650193      1.7598165E-25
    1.666695      1.2179767E-25
    1.683362      9.3325619E-26
    1.700196      1.6392370E-25
    1.717198      1.4291999E-25
    1.734370      5.2729133E-26
    1.751714      2.4822916E-26
    1.769231      7.7023386E-26
    1.786923      8.3459219E-26
    1.804792      3.3426596E-26
    1.822840      1.3016187E-26
    1.841069      9.2881938E-27
    1.859479      3.7533382E-27
    1.878074      2.5497629E-27
    1.896855      8.1981316E-27
    1.915823      3.9123586E-26
    1.934982      2.3050382E-25
    1.954331      5.3202297E-25
    1.973875      4.5999540E-25
    1.993613      3.3156676E-25
    2.013550      8.5424384E-26
    2.033685      1.8427621E-26
    2.054022      6.2600156E-27
    2.074562      1.3943137E-27
    2.095308      3.3923172E-28
    2.116261      1.6813883E-27
    2.137423      1.8491966E-26
    2.158798      1.0658425E-25
    2.180386      1.5186839E-25
    2.202190      4.5534751E-25
    2.224211      8.0933471E-25
    2.246454      1.1527763E-24
    2.268918      1.6359530E-24
    2.291607      1.6354411E-24
    2.314523      1.1663436E-24
    2.337669      1.5569834E-24
    2.361045      1.8487642E-24
    2.384656      5.5468563E-25
    2.408502      1.6240818E-25
    2.432587      6.9958829E-26
    2.456913      2.7334088E-26
    2.481482      2.2803637E-26
    2.506297      2.9740042E-26
    2.531360      2.8515842E-26
    2.556674      1.6358475E-25
    2.582240      1.1550103E-25
    2.608063      2.3419409E-26
    2.634143      3.0423974E-27
    2.660485      1.2643457E-27
    2.687090      5.6626206E-28
    2.713961      4.4445999E-28
    2.741100      8.3916152E-28
    2.768511      6.3722108E-27
    2.796196      5.2712560E-26
    2.824158      2.2895907E-25
    2.852400      3.9347985E-25
    2.880924      6.7118163E-25
    2.909733      7.8904548E-25
    2.938830      6.9752861E-25
    2.968219      6.9278421E-25
    2.997901      3.5581283E-25
    3.027880      3.3223789E-25
    3.058159      2.7494541E-25
    3.088740      2.9001733E-25
    3.119628      1.5425500E-25
    3.150824      6.5700009E-25
    3.182332      6.3651859E-24
    3.214156      2.5768804E-23
    3.246297      3.6305516E-23
    3.278760      2.1974432E-23
    3.311548      1.5003677E-23
    3.344663      1.8313295E-23
    3.378110      1.0323859E-23
    3.411891      3.1381609E-24
    3.446010      1.0413107E-24
    3.480470      6.4930548E-25
    3.515275      1.1951077E-24
    3.550427      6.7593031E-25
    3.585932      4.1717090E-25
    3.621791      3.3805681E-25
    3.658009      1.8017663E-25
    3.694589      1.8350850E-25
    3.731535      1.3017950E-25
    3.768850      1.1247302E-25
    3.806539      1.1235582E-25
    3.844604      1.0907958E-25
    3.883050      1.0490868E-25
    3.921881      6.8407876E-26
    3.961099      5.9653127E-26
    4.000710      4.8555748E-26
    4.040718      3.1040220E-26
    4.081125      2.1566189E-26
    4.121936      8.0324752E-27
    4.163155      8.1572178E-27
    4.204787      1.2234717E-26
    4.246835      4.6920126E-27
    4.289303      2.4645343E-27
    4.332196      3.8376844E-27
    4.375518      1.6968151E-27
    4.419273      1.1904849E-27
    4.463466      4.3725109E-28
    4.508101      2.1022536E-28
    4.553182      6.9698271E-29
    4.598714      2.6444120E-29
    4.644701      1.0979247E-29
    4.691148      8.7094701E-30
    4.738059      1.2803447E-29
    4.785440      2.9952310E-29
    4.833294      5.9847327E-29
    4.881627      8.7317767E-29
    4.930443      1.1003586E-28
    4.979748      6.6599346E-29
    5.029545      3.6192705E-29
    5.079841      9.1902637E-29
    5.130639      2.2347849E-28
    5.181946      6.9494547E-28
    5.233765      7.0819056E-28
    5.286103      8.5727810E-27
    5.338964      5.9605845E-27
    5.392353      1.1291637E-26
    5.446277      2.3465735E-26
    5.500740      6.5009186E-26
    5.555747      1.6208626E-25
    5.611304      2.8606641E-25
    5.667418      6.0359576E-25
    5.724092      1.3471417E-24
    5.781333      1.5196777E-24
    5.839146      1.6462961E-24
    5.897537      2.1621382E-24
    5.956513      1.4067343E-24
    6.016078      1.0850077E-24
    6.076239      2.7113752E-24
    6.137001      5.7829897E-24
    6.198371      1.3245471E-24
    6.260355      1.5559732E-24
    6.322958      2.0069190E-24
    6.386188      2.2681348E-24
    6.450050      2.0444037E-24
    6.514550      1.4277699E-24
    6.579696      8.3145436E-25
    6.645493      5.0941752E-25
    6.711948      3.1597253E-25
    6.779067      2.1494156E-25
    6.846858      1.4240193E-25
    6.915326      9.0588923E-26
    6.984480      5.7467414E-26
    7.054324      4.3020002E-26
    7.124868      6.2731101E-26
    7.196116      3.4048678E-25
    7.268078      2.1888059E-24
    7.340758      9.9419437E-24
    7.414166      2.4413308E-23
    7.488308      2.7474346E-23
    7.563191      1.5437792E-23
    7.638823      5.0735417E-23
    7.715211      1.7097289E-23
    7.792363      1.3768021E-23
    7.870286      1.0736526E-23
    7.948989      4.5403244E-24
    8.028479      1.7934006E-24
    8.108764      5.6320502E-25
    8.189852      2.2928891E-25
    8.271750      9.1911311E-26
    8.354468      7.3512935E-26
    8.438012      1.8872296E-25
    8.522393      1.6034628E-25
    8.607616      3.8003750E-25
    8.693693      8.7292668E-25
    8.780630      6.3980006E-25
    8.868436      2.7075135E-24
    8.957120      1.8731267E-24
    9.046691      2.9071430E-24
    9.137158      7.4850314E-24
    9.228530      5.2747108E-24
    9.320815      1.0332117E-23
    9.414023      7.3798372E-24
    9.508164      1.5898236E-23
    9.603245      1.3206263E-23
    9.699278      6.9007068E-24
    9.796270      1.0757162E-23
    9.894233      7.7945547E-24
    9.993175      1.3543091E-23
   10.093107      3.6871778E-24
   10.194038      4.8077810E-24
   10.295979      4.4230902E-23
   10.398938      8.5293327E-24
   10.502928      8.9137457E-24
   10.607957      7.2397492E-24
   10.714037      4.5548634E-23
   10.821177      6.9674167E-24
   10.929389      5.9649527E-24
   11.038683      2.7536197E-24
   11.149070      7.7863533E-24
   11.260560      3.8401027E-24
   11.373166      2.9227859E-24
   11.486898      6.3127643E-24
   11.601766      2.7246953E-24
   11.717784      6.4929218E-24
   11.834962      1.4463745E-24
   11.953312      3.8211454E-24
   12.072845      1.8081998E-24
   12.193573      2.4039130E-24
   12.315509      1.3591511E-24
   12.438664      6.4835378E-25
   12.563051      7.9559422E-25
   12.688681      5.1019940E-25
   12.815568      4.4132792E-25
   12.943724      2.9339783E-25
   13.073161      1.8661161E-25
   13.203892      1.3298520E-25
   13.335931      1.1201953E-25
   13.469291      7.4921832E-26
   13.603984      5.3568445E-26
   13.740023      4.6375795E-26
   13.877424      2.6239262E-26
   14.016198      3.2274007E-26
   14.156360      1.7330306E-26
   14.297924      2.0325513E-26
   14.440903      2.7222346E-26
   14.585312      7.6957545E-27
   14.731165      6.1094768E-27
   14.878477      7.6899766E-27
   15.027261      3.3922590E-27
   15.177534      5.0851692E-27
   15.329309      1.4698799E-26
   15.482602      1.4737447E-26
   15.637428      3.3712878E-26
   15.793803      9.1211905E-26
   15.951741      6.4960270E-26
   16.111258      2.5779839E-26
   16.272371      1.1331261E-26
   16.435094      5.1122168E-27
   16.599445      3.2605392E-27
   16.765440      9.0289965E-27
   16.933094      1.0893410E-26
   17.102425      3.1490041E-27
   17.273449      3.8846902E-27
   17.446184      9.1112732E-27
   17.620646      3.6450615E-27
   17.796852      6.2238034E-27
   17.974821      1.7707771E-26
   18.154569      8.9299537E-27
   18.336115      4.0058790E-27
   18.519476      6.8566740E-27
   18.704670      8.7121157E-27
   18.891717      4.6932298E-27
   19.080634      6.6841122E-27
   19.271441      5.8884934E-27
   19.464155      4.1847706E-27
   19.658797      3.7263863E-27
   19.855385      4.4314844E-27
   20.053938      2.8574937E-27
   20.254478      2.6350565E-27
   20.457023      2.6730300E-27
   20.661593      1.7462018E-27
   20.868209      1.1856596E-27
   21.076891      1.0379214E-27
   21.287660      1.2166366E-27
   21.500536      8.9676100E-28
   21.715542      6.0477871E-28
   21.932697      5.6041224E-28
   22.152024      4.0720652E-28
   22.373544      4.5706777E-28
   22.597280      4.6490308E-28
   22.823253      3.4185758E-28
   23.051485      2.9776304E-28
   23.282000      4.1210571E-28
   23.514820      6.1458196E-28
   23.749968      6.1396578E-28
   23.987468      3.7002537E-28
   24.227343      5.5693773E-28
   24.469616      5.1728493E-28
   24.714312      5.8232811E-28
   24.961455      5.5204864E-28
   25.211070      6.7383930E-28
   25.463180      7.3948572E-28
   25.717812      8.5231432E-28
   25.974990      7.8209074E-28
   26.234740      9.2325202E-28
   26.497088      8.1756340E-28
   26.762059      8.6147171E-28
   27.029679      6.3310986E-28
   27.299976      7.1935991E-28
   27.572976      9.6563496E-28
   27.848705      1.4455884E-27
   28.127193      1.1272930E-27
   28.408464      1.0172696E-27
   28.692549      8.6972022E-28
   28.979475      1.0172985E-27
   29.269269      1.3627255E-27
   29.561962      1.5847023E-27
   29.857582      2.7849408E-27
