# Pressure:     1.000E-01 Ba
# Temperature:   3250.000 K
#  lambda [mu]   kappa [cm^2/mol]
    0.500000      1.3180008E-30
    0.505000      1.7834055E-30
    0.510050      2.6049665E-30
    0.515150      1.4084653E-30
    0.520302      1.4171351E-30
    0.525505      1.7524187E-30
    0.530760      6.4267110E-30
    0.536068      2.3848678E-30
    0.541428      2.9400977E-30
    0.546843      3.2620467E-30
    0.552311      4.3050803E-30
    0.557834      6.1216340E-30
    0.563413      9.7743193E-29
    0.569047      1.6409527E-29
    0.574737      3.9702282E-29
    0.580484      1.9756277E-28
    0.586289      3.1763156E-24
    0.592152      1.2522759E-28
    0.598074      4.0155448E-29
    0.604054      2.3118810E-29
    0.610095      3.2449284E-29
    0.616196      1.6348099E-29
    0.622358      1.5235403E-29
    0.628582      1.2881784E-29
    0.634867      1.2693036E-29
    0.641216      1.7119068E-29
    0.647628      2.1994653E-29
    0.654104      2.0405291E-29
    0.660645      2.0221961E-29
    0.667252      1.9221924E-29
    0.673924      2.1802629E-29
    0.680664      2.1161984E-29
    0.687470      7.6720712E-29
    0.694345      3.0834456E-29
    0.701288      4.0760301E-29
    0.708301      5.3801290E-29
    0.715384      1.2531560E-28
    0.722538      1.1935741E-28
    0.729764      1.2454282E-28
    0.737061      1.2166081E-28
    0.744432      1.5360148E-28
    0.751876      1.6667321E-28
    0.759395      1.8126487E-28
    0.766989      1.0555293E-25
    0.774659      1.2867423E-28
    0.782405      1.3110348E-28
    0.790229      1.2164812E-28
    0.798132      1.3808107E-28
    0.806113      3.1532481E-28
    0.814174      4.3494750E-27
    0.822316      2.9164616E-28
    0.830539      2.9775710E-28
    0.838844      3.6818904E-28
    0.847233      3.9232082E-28
    0.855705      3.4163927E-28
    0.864262      3.1569484E-28
    0.872905      3.0930673E-28
    0.881634      3.6176097E-28
    0.890450      5.5412623E-28
    0.899355      4.0073978E-28
    0.908348      6.2333744E-28
    0.917432      9.0986615E-28
    0.926606      2.4485198E-27
    0.935872      2.0076816E-27
    0.945231      3.4854059E-27
    0.954683      2.2689378E-27
    0.964230      2.8648631E-27
    0.973872      3.2095220E-27
    0.983611      2.7739662E-27
    0.993447      2.5003481E-27
    1.003382      2.3436858E-27
    1.013416      2.3991532E-27
    1.023550      2.3307365E-27
    1.033785      1.9783938E-27
    1.044123      1.7392404E-27
    1.054564      1.5644033E-27
    1.065110      1.4817997E-27
    1.075761      1.5098396E-27
    1.086519      3.0445834E-27
    1.097384      5.1617556E-27
    1.108358      7.4515055E-27
    1.119441      6.1831568E-27
    1.130636      8.8694450E-27
    1.141942      8.3899920E-27
    1.153361      8.6122029E-27
    1.164895      1.0194055E-26
    1.176544      9.2533922E-27
    1.188309      9.6428909E-27
    1.200192      8.8461168E-27
    1.212194      7.6136617E-27
    1.224316      7.2030022E-27
    1.236560      6.7798023E-27
    1.248925      6.6201724E-27
    1.261414      6.0932773E-27
    1.274028      5.4675177E-27
    1.286769      5.0951412E-27
    1.299636      6.1300314E-27
    1.312633      8.1018855E-27
    1.325759      1.9048669E-25
    1.339017      1.0793821E-25
    1.352407      5.8765823E-26
    1.365931      4.7474192E-26
    1.379590      5.6252765E-26
    1.393386      6.8440330E-26
    1.407320      8.6885627E-26
    1.421393      8.5492457E-26
    1.435607      8.2337200E-26
    1.449963      8.6654564E-26
    1.464463      8.0773841E-26
    1.479108      7.3174363E-26
    1.493899      6.5529628E-26
    1.508838      6.2330830E-26
    1.523926      5.6572950E-26
    1.539165      5.3863143E-26
    1.554557      4.9193926E-26
    1.570102      4.3150214E-26
    1.585803      3.6964448E-26
    1.601662      3.3130572E-26
    1.617678      3.0271830E-26
    1.633855      2.5451677E-26
    1.650193      2.1301605E-26
    1.666695      1.8816232E-26
    1.683362      2.1293939E-26
    1.700196      2.8780113E-26
    1.717198      4.0711662E-26
    1.734370      5.7380776E-26
    1.751714      7.7391781E-26
    1.769231      1.0627030E-25
    1.786923      1.2877782E-25
    1.804792      1.4856226E-25
    1.822840      1.3306547E-25
    1.841069      1.8731942E-25
    1.859479      1.6656249E-25
    1.878074      1.4867891E-25
    1.896855      1.2573201E-25
    1.915823      1.2473981E-25
    1.934982      1.2689124E-25
    1.954331      1.3766664E-25
    1.973875      1.5737565E-25
    1.993613      1.6340644E-25
    2.013550      1.5115027E-25
    2.033685      1.4738140E-25
    2.054022      1.3600886E-25
    2.074562      1.1737572E-25
    2.095308      9.9936549E-26
    2.116261      8.4603348E-26
    2.137423      6.8704286E-26
    2.158798      5.7765431E-26
    2.180386      4.8539009E-26
    2.202190      4.1512148E-26
    2.224211      3.6997745E-26
    2.246454      3.2929600E-26
    2.268918      3.1187470E-26
    2.291607      1.1652241E-25
    2.314523      2.3050359E-25
    2.337669      1.8528696E-25
    2.361045      1.4205020E-25
    2.384656      2.2452531E-25
    2.408502      3.1683116E-25
    2.432587      3.7865016E-25
    2.456913      5.3736263E-25
    2.481482      6.1739549E-25
    2.506297      7.4263898E-25
    2.531360      7.3695662E-25
    2.556674      6.9383823E-25
    2.582240      5.7754468E-25
    2.608063      4.4369800E-25
    2.634143      3.1195406E-25
    2.660485      6.0546235E-25
    2.687090      7.2444226E-25
    2.713961      7.7067777E-25
    2.741100      8.1284841E-25
    2.768511      7.1404550E-25
    2.796196      8.6142254E-25
    2.824158      9.5626232E-25
    2.852400      9.0197825E-25
    2.880924      8.8735355E-25
    2.909733      9.6991255E-25
    2.938830      9.4658286E-25
    2.968219      8.8225874E-25
    2.997901      8.4678299E-25
    3.027880      8.2086337E-25
    3.058159      7.1174460E-25
    3.088740      6.3823828E-25
    3.119628      5.6957798E-25
    3.150824      5.1319752E-25
    3.182332      4.7270483E-25
    3.214156      4.0380196E-25
    3.246297      3.6317863E-25
    3.278760      3.0241891E-25
    3.311548      2.7595759E-25
    3.344663      2.5622088E-25
    3.378110      2.2855504E-25
    3.411891      2.0107936E-25
    3.446010      1.8022804E-25
    3.480470      1.6377969E-25
    3.515275      1.4894415E-25
    3.550427      1.3309457E-25
    3.585932      1.2218486E-25
    3.621791      1.0720542E-25
    3.658009      9.5258608E-26
    3.694589      8.6541493E-26
    3.731535      7.6538613E-26
    3.768850      6.5390316E-26
    3.806539      6.3980295E-26
    3.844604      6.2348632E-26
    3.883050      5.6259664E-26
    3.921881      8.1680118E-26
    3.961099      6.3907314E-26
    4.000710      7.2475283E-26
    4.040718      8.7968498E-26
    4.081125      9.9465658E-26
    4.121936      1.0074744E-25
    4.163155      1.0320609E-25
    4.204787      1.0512432E-25
    4.246835      1.1444370E-25
    4.289303      7.7003502E-25
    4.332196      2.9036467E-24
    4.375518      4.6162307E-24
    4.419273      6.9372557E-24
    4.463466      1.0619822E-23
    4.508101      8.9705179E-24
    4.553182      9.2445904E-24
    4.598714      7.3190552E-24
    4.644701      4.8974086E-24
    4.691148      4.1594905E-24
    4.738059      4.9662209E-24
    4.785440      5.2056585E-24
    4.833294      4.8763539E-24
    4.881627      4.5100538E-24
    4.930443      4.5168149E-24
    4.979748      4.1075175E-24
    5.029545      4.9436302E-24
    5.079841      3.3993017E-24
    5.130639      2.9426466E-24
    5.181946      2.8320915E-24
    5.233765      2.7616888E-24
    5.286103      2.4965703E-24
    5.338964      1.9695864E-24
    5.392353      1.6144141E-24
    5.446277      1.4255638E-24
    5.500740      1.3016193E-24
    5.555747      1.2014719E-24
    5.611304      1.0866858E-24
    5.667418      1.0360187E-24
    5.724092      9.0871472E-25
    5.781333      8.8612459E-25
    5.839146      7.2942169E-25
    5.897537      6.7445743E-25
    5.956513      5.1628053E-25
    6.016078      6.2387271E-25
    6.076239      4.7662849E-25
    6.137001      4.5698445E-25
    6.198371      4.2662359E-25
    6.260355      3.8371684E-25
    6.322958      4.3289730E-25
    6.386188      7.2621185E-25
    6.450050      1.3918169E-24
    6.514550      1.5129696E-24
    6.579696      2.0568798E-24
    6.645493      1.8777636E-24
    6.711948      1.7809713E-24
    6.779067      2.2027071E-24
    6.846858      1.7487176E-24
    6.915326      1.6183362E-24
    6.984480      1.8137562E-24
    7.054324      1.5889254E-24
    7.124868      1.4806950E-24
    7.196116      1.7143262E-24
    7.268078      1.6600947E-24
    7.340758      1.4582631E-24
    7.414166      1.6475427E-24
    7.488308      1.5014503E-24
    7.563191      1.7819078E-24
    7.638823      1.4467236E-24
    7.715211      1.4618454E-24
    7.792363      1.5970206E-24
    7.870286      1.5672011E-24
    7.948989      1.6401145E-24
    8.028479      1.8652910E-24
    8.108764      1.8762138E-24
    8.189852      1.5836828E-24
    8.271750      1.8519460E-24
    8.354468      1.4243894E-24
    8.438012      1.5925851E-24
    8.522393      1.3919651E-24
    8.607616      1.2710589E-24
    8.693693      1.3986259E-24
    8.780630      1.2083933E-24
    8.868436      1.0881192E-24
    8.957120      1.0736500E-24
    9.046691      1.1136096E-24
    9.137158      1.0896313E-24
    9.228530      1.0127386E-24
    9.320815      1.1904652E-24
    9.414023      1.1592660E-24
    9.508164      1.0827325E-24
    9.603245      9.7610664E-25
    9.699278      9.7038085E-25
    9.796270      1.4839940E-24
    9.894233      1.1510006E-24
    9.993175      1.3995430E-24
   10.093107      1.1735896E-24
   10.194038      1.3616386E-24
   10.295979      1.5160783E-24
   10.398938      1.6784192E-24
   10.502928      1.7943308E-24
   10.607957      2.6511113E-24
   10.714037      1.9197014E-24
   10.821177      2.7771010E-24
   10.929389      2.5866647E-24
   11.038683      2.5805313E-24
   11.149070      2.7574476E-24
   11.260560      2.8336185E-24
   11.373166      3.0820266E-24
   11.486898      3.9660276E-24
   11.601766      2.2709478E-24
   11.717784      3.7773579E-24
   11.834962      3.0123404E-24
   11.953312      4.2309278E-24
   12.072845      4.2470193E-24
   12.193573      3.4497310E-24
   12.315509      4.6832188E-24
   12.438664      6.0028088E-24
   12.563051      4.9425384E-24
   12.688681      4.8465984E-24
   12.815568      4.4073916E-24
   12.943724      5.6171374E-24
   13.073161      5.1941217E-24
   13.203892      7.2723362E-24
   13.335931      5.8755135E-24
   13.469291      6.7709861E-24
   13.603984      8.2844002E-24
   13.740023      7.5094210E-24
   13.877424      7.7342241E-24
   14.016198      6.4082447E-24
   14.156360      6.5652948E-24
   14.297924      6.8797097E-24
   14.440903      6.4357644E-24
   14.585312      9.6761834E-24
   14.731165      8.2246821E-24
   14.878477      6.5739534E-24
   15.027261      8.3270514E-24
   15.177534      5.6865035E-24
   15.329309      1.1089474E-23
   15.482602      8.3528085E-24
   15.637428      8.8937478E-24
   15.793803      5.6640754E-24
   15.951741      8.7850013E-24
   16.111258      1.0400638E-23
   16.272371      6.4229214E-24
   16.435094      6.8337735E-24
   16.599445      6.8697296E-24
   16.765440      7.6220389E-24
   16.933094      5.6044527E-24
   17.102425      8.4094246E-24
   17.273449      1.1336493E-23
   17.446184      6.3855979E-24
   17.620646      9.2123323E-24
   17.796852      9.1514588E-24
   17.974821      1.0041575E-23
   18.154569      4.3484366E-24
   18.336115      1.2357337E-23
   18.519476      1.2479276E-23
   18.704670      4.5169914E-24
   18.891717      8.8777763E-24
   19.080634      8.7280836E-24
   19.271441      1.3168156E-23
   19.464155      9.8123577E-24
   19.658797      7.8895813E-24
   19.855385      4.4015520E-24
   20.053938      1.0339997E-23
   20.254478      1.0162400E-23
   20.457023      6.0389932E-24
   20.661593      5.7331153E-24
   20.868209      1.3019815E-23
   21.076891      6.0969733E-24
   21.287660      4.1028074E-24
   21.500536      8.9810716E-24
   21.715542      8.3861896E-24
   21.932697      5.1581134E-24
   22.152024      6.5758528E-24
   22.373544      1.0996571E-23
   22.597280      4.4853257E-24
   22.823253      6.5983672E-24
   23.051485      4.6017755E-24
   23.282000      1.2421173E-23
   23.514820      8.1161490E-24
   23.749968      7.2186232E-24
   23.987468      3.5535086E-24
   24.227343      8.2759356E-24
   24.469616      7.1421985E-24
   24.714312      7.5187675E-24
   24.961455      4.4481185E-24
   25.211070      8.3786314E-24
   25.463180      8.6080117E-24
   25.717812      7.1606563E-24
   25.974990      3.8476505E-24
   26.234740      4.9112377E-24
   26.497088      1.6662449E-23
   26.762059      4.9514723E-24
   27.029679      8.1465375E-24
   27.299976      3.4906611E-24
   27.572976      5.2638980E-24
   27.848705      1.1171472E-23
   28.127193      9.6438372E-24
   28.408464      8.2909222E-24
   28.692549      3.0076661E-24
   28.979475      4.3998254E-24
   29.269269      1.2423307E-23
   29.561962      4.7682643E-24
   29.857582      8.5210954E-24
