# Pressure:     1.000E-03 Ba
# Temperature:    450.000 K
#  lambda [mu]   kappa [cm^2/mol]
    0.500000      4.2138373E-29
    0.505000      3.3623895E-29
    0.510050      1.1141983E-29
    0.515150      1.0336562E-30
    0.520302      2.3968926E-30
    0.525505      2.6620646E-30
    0.530760      1.0817564E-30
    0.536068      9.9335357E-30
    0.541428      2.1523686E-29
    0.546843      9.5789261E-30
    0.552311      1.4989928E-30
    0.557834      1.4482932E-30
    0.563413      1.6460678E-29
    0.569047      2.6977615E-29
    0.574737      2.1694602E-29
    0.580484      1.6108592E-29
    0.586289      3.1592240E-28
    0.592152      2.1627502E-28
    0.598074      7.3135990E-29
    0.604054      8.4398197E-30
    0.610095      9.3924234E-31
    0.616196      3.9884728E-31
    0.622358      2.8008725E-29
    0.628582      2.2637908E-29
    0.634867      2.6746258E-29
    0.641216      1.2676045E-28
    0.647628      1.4053747E-28
    0.654104      1.2337512E-28
    0.660645      2.7008152E-29
    0.667252      3.5088727E-30
    0.673924      2.9709670E-30
    0.680664      1.3102969E-29
    0.687470      3.5078184E-28
    0.694345      2.9916851E-28
    0.701288      3.0328002E-28
    0.708301      2.7061215E-28
    0.715384      2.4435286E-27
    0.722538      2.1234658E-27
    0.729764      8.9789302E-28
    0.737061      2.4042592E-28
    0.744432      4.3313379E-29
    0.751876      7.9718599E-30
    0.759395      2.2203907E-30
    0.766989      1.5527039E-30
    0.774659      1.0053476E-29
    0.782405      1.8665332E-28
    0.790229      1.7088563E-28
    0.798132      2.6285240E-28
    0.806113      1.6842011E-27
    0.814174      1.1875166E-27
    0.822316      1.3477303E-27
    0.830539      1.2164340E-27
    0.838844      5.1687572E-28
    0.847233      4.1856142E-28
    0.855705      3.4706385E-28
    0.864262      4.2263470E-28
    0.872905      5.3093683E-28
    0.881634      1.6739170E-27
    0.890450      1.3522895E-26
    0.899355      8.8673436E-27
    0.908348      6.8963757E-27
    0.917432      2.8986788E-27
    0.926606      4.8432728E-26
    0.935872      2.1090356E-26
    0.945231      4.3434769E-26
    0.954683      2.3834278E-26
    0.964230      7.1039012E-27
    0.973872      4.8466764E-27
    0.983611      2.9638449E-27
    0.993447      2.7593628E-27
    1.003382      2.9794313E-27
    1.013416      2.4932201E-27
    1.023550      2.6916988E-27
    1.033785      1.1460706E-27
    1.044123      4.6434017E-28
    1.054564      2.1813149E-28
    1.065110      3.0826047E-28
    1.075761      5.3078823E-28
    1.086519      1.5820012E-27
    1.097384      5.8466471E-27
    1.108358      4.1873366E-26
    1.119441      6.5081902E-26
    1.130636      8.3908219E-26
    1.141942      4.3097702E-26
    1.153361      7.6529682E-26
    1.164895      7.2870775E-26
    1.176544      3.3687080E-26
    1.188309      1.1866141E-26
    1.200192      4.1785210E-27
    1.212194      2.6221250E-27
    1.224316      1.3724532E-27
    1.236560      5.8828780E-28
    1.248925      4.0928299E-28
    1.261414      3.0422439E-28
    1.274028      9.5937082E-28
    1.286769      3.0585657E-27
    1.299636      7.5143080E-27
    1.312633      1.4626755E-26
    1.325759      5.5183324E-26
    1.339017      3.2044145E-25
    1.352407      1.0507214E-24
    1.365931      5.9320468E-25
    1.379590      9.6788283E-25
    1.393386      8.1068361E-25
    1.407320      5.6394476E-25
    1.421393      2.8757449E-25
    1.435607      1.7846382E-25
    1.449963      6.6551317E-26
    1.464463      7.3452841E-26
    1.479108      5.4990675E-26
    1.493899      2.5520477E-26
    1.508838      1.8317153E-26
    1.523926      8.3167549E-27
    1.539165      5.1395512E-27
    1.554557      2.9693336E-27
    1.570102      1.1624588E-27
    1.585803      1.0954532E-27
    1.601662      6.8854156E-27
    1.617678      6.8556784E-26
    1.633855      1.1392639E-25
    1.650193      7.8672621E-26
    1.666695      1.0860049E-25
    1.683362      1.1871331E-25
    1.700196      1.2790051E-25
    1.717198      1.0272894E-25
    1.734370      8.9524360E-26
    1.751714      8.0236956E-26
    1.769231      1.3692040E-25
    1.786923      2.7952169E-25
    1.804792      5.8757174E-25
    1.822840      8.8577814E-25
    1.841069      1.0118122E-24
    1.859479      1.6049945E-24
    1.878074      3.6053263E-25
    1.896855      6.6750920E-25
    1.915823      6.6262735E-25
    1.934982      3.4272416E-25
    1.954331      1.6277964E-25
    1.973875      5.1691072E-26
    1.993613      2.9934020E-26
    2.013550      1.8400845E-26
    2.033685      7.8538873E-27
    2.054022      3.9015318E-27
    2.074562      2.6540693E-27
    2.095308      4.3345501E-27
    2.116261      1.5644249E-26
    2.137423      3.8540798E-26
    2.158798      7.7968435E-26
    2.180386      1.3596026E-25
    2.202190      2.4237877E-25
    2.224211      5.6454657E-25
    2.246454      1.0141502E-24
    2.268918      9.4115006E-25
    2.291607      9.2915847E-25
    2.314523      1.0852254E-24
    2.337669      1.3923352E-24
    2.361045      1.6462509E-24
    2.384656      6.8318548E-25
    2.408502      5.1230008E-25
    2.432587      3.3713537E-25
    2.456913      3.0487943E-25
    2.481482      5.4106888E-25
    2.506297      1.7422219E-24
    2.531360      3.1429042E-24
    2.556674      7.8423771E-24
    2.582240      7.5533391E-24
    2.608063      4.4086273E-24
    2.634143      2.8077567E-24
    2.660485      1.1626091E-23
    2.687090      4.6811825E-24
    2.713961      4.5458395E-24
    2.741100      7.3508694E-24
    2.768511      4.5727147E-24
    2.796196      3.1147347E-24
    2.824158      2.5070271E-24
    2.852400      1.1665739E-24
    2.880924      7.8350336E-25
    2.909733      4.5643960E-25
    2.938830      4.0293042E-25
    2.968219      2.0844784E-25
    2.997901      2.0351700E-25
    3.027880      2.3388433E-25
    3.058159      1.7661650E-25
    3.088740      6.4873106E-25
    3.119628      1.2905420E-24
    3.150824      4.3334880E-24
    3.182332      1.1301173E-23
    3.214156      1.2437066E-23
    3.246297      8.8559873E-24
    3.278760      4.4048987E-24
    3.311548      2.0126382E-23
    3.344663      5.4291893E-24
    3.378110      8.5275394E-24
    3.411891      6.4148661E-24
    3.446010      4.3706231E-24
    3.480470      1.9259945E-24
    3.515275      1.7805105E-24
    3.550427      8.2162116E-25
    3.585932      6.4269880E-25
    3.621791      3.9290888E-25
    3.658009      3.0519853E-25
    3.694589      3.6082188E-25
    3.731535      1.9081059E-25
    3.768850      2.0560096E-25
    3.806539      8.9925620E-26
    3.844604      1.6167552E-25
    3.883050      9.3986680E-26
    3.921881      8.1272147E-26
    3.961099      7.6156804E-26
    4.000710      5.5067182E-26
    4.040718      5.4698518E-26
    4.081125      4.9264017E-26
    4.121936      6.6296950E-26
    4.163155      6.2473851E-26
    4.204787      4.6522056E-26
    4.246835      3.1923246E-26
    4.289303      1.9222238E-25
    4.332196      4.3077901E-26
    4.375518      4.4966363E-26
    4.419273      5.5088375E-26
    4.463466      4.4559477E-26
    4.508101      5.9600616E-26
    4.553182      3.3665339E-26
    4.598714      3.5990409E-26
    4.644701      6.6776467E-26
    4.691148      8.4070055E-26
    4.738059      2.8157488E-26
    4.785440      4.0475952E-26
    4.833294      3.8123343E-26
    4.881627      1.0142755E-25
    4.930443      1.9142854E-25
    4.979748      3.3352499E-25
    5.029545      5.3398817E-26
    5.079841      1.9428391E-25
    5.130639      5.2243120E-25
    5.181946      9.2593357E-25
    5.233765      7.3914437E-25
    5.286103      2.6216258E-25
    5.338964      6.6301695E-25
    5.392353      4.2043590E-24
    5.446277      1.0623992E-24
    5.500740      1.8067384E-24
    5.555747      2.7606802E-24
    5.611304      3.9294148E-24
    5.667418      6.4784240E-24
    5.724092      7.3006964E-24
    5.781333      6.1678821E-24
    5.839146      9.1287368E-24
    5.897537      6.2241756E-24
    5.956513      3.0241219E-24
    6.016078      7.8793109E-24
    6.076239      3.5076868E-24
    6.137001      2.0499538E-24
    6.198371      4.5804656E-25
    6.260355      2.8227265E-25
    6.322958      1.7058172E-24
    6.386188      8.2910991E-24
    6.450050      8.4593215E-24
    6.514550      8.6877928E-24
    6.579696      2.5926606E-23
    6.645493      4.5721592E-24
    6.711948      2.3743095E-24
    6.779067      4.4342792E-24
    6.846858      2.7965204E-24
    6.915326      3.4304813E-24
    6.984480      4.5940820E-24
    7.054324      2.0182325E-24
    7.124868      3.3941467E-24
    7.196116      4.0540554E-24
    7.268078      7.2984562E-24
    7.340758      1.0317801E-23
    7.414166      1.2662438E-23
    7.488308      8.0543402E-24
    7.563191      3.7398717E-24
    7.638823      6.3056695E-23
    7.715211      1.1684776E-23
    7.792363      6.5893927E-24
    7.870286      7.0632922E-24
    7.948989      5.5428472E-24
    8.028479      5.5967291E-24
    8.108764      3.9205952E-24
    8.189852      2.7921234E-24
    8.271750      1.5902999E-24
    8.354468      1.1639835E-24
    8.438012      5.9089294E-25
    8.522393      2.8544443E-25
    8.607616      2.5351273E-25
    8.693693      1.7568082E-25
    8.780630      1.2019910E-25
    8.868436      2.5724435E-25
    8.957120      8.5940745E-26
    9.046691      1.3398988E-25
    9.137158      1.6238011E-25
    9.228530      1.3274919E-25
    9.320815      9.7967570E-26
    9.414023      1.1015568E-25
    9.508164      1.0219722E-25
    9.603245      1.1636573E-25
    9.699278      5.0076589E-26
    9.796270      7.9780590E-26
    9.894233      1.1932683E-26
    9.993175      9.8404266E-26
   10.093107      1.9071633E-26
   10.194038      1.8899610E-26
   10.295979      1.6068178E-24
   10.398938      5.6818446E-25
   10.502928      2.7013217E-25
   10.607957      1.5365679E-25
   10.714037      1.7828375E-24
   10.821177      2.7152425E-25
   10.929389      1.6702638E-25
   11.038683      5.7705990E-26
   11.149070      7.3324957E-26
   11.260560      2.2391260E-26
   11.373166      1.7706761E-26
   11.486898      1.1689971E-25
   11.601766      2.7990058E-26
   11.717784      1.2809034E-25
   11.834962      3.3033990E-26
   11.953312      1.1401998E-25
   12.072845      1.2037108E-25
   12.193573      1.2246419E-25
   12.315509      1.2673113E-25
   12.438664      8.6602942E-26
   12.563051      6.3258760E-26
   12.688681      8.6604141E-26
   12.815568      9.0624617E-26
   12.943724      8.8012011E-26
   13.073161      5.5392267E-26
   13.203892      1.3098440E-25
   13.335931      1.5290889E-25
   13.469291      3.6947930E-26
   13.603984      9.0360587E-26
   13.740023      6.2287576E-26
   13.877424      6.7450774E-26
   14.016198      8.5305326E-26
   14.156360      1.6702559E-25
   14.297924      1.8460293E-25
   14.440903      2.3725449E-25
   14.585312      4.2454268E-26
   14.731165      3.4545751E-26
   14.878477      5.5166532E-26
   15.027261      1.4992464E-25
   15.177534      3.6031124E-26
   15.329309      5.1541617E-26
   15.482602      3.0429509E-25
   15.637428      4.3940237E-25
   15.793803      1.7498677E-25
   15.951741      2.9893181E-25
   16.111258      2.2004335E-25
   16.272371      8.7928016E-26
   16.435094      1.2476930E-25
   16.599445      4.6182044E-25
   16.765440      6.0267255E-25
   16.933094      3.9329195E-25
   17.102425      5.3897351E-25
   17.273449      7.4248903E-25
   17.446184      3.1514449E-25
   17.620646      2.3228786E-25
   17.796852      3.1484792E-25
   17.974821      2.3142428E-25
   18.154569      5.0950078E-25
   18.336115      6.2231706E-25
   18.519476      8.8927441E-25
   18.704670      2.1572801E-26
   18.891717      1.4135861E-24
   19.080634      1.5657754E-24
   19.271441      1.8641035E-24
   19.464155      1.1163737E-24
   19.658797      5.9529606E-25
   19.855385      1.0625989E-25
   20.053938      7.0554280E-25
   20.254478      4.2268296E-25
   20.457023      1.8095768E-24
   20.661593      1.0450555E-24
   20.868209      1.5377039E-24
   21.076891      1.6888961E-24
   21.287660      7.4574384E-26
   21.500536      3.1071864E-24
   21.715542      5.8573284E-24
   21.932697      2.3828915E-24
   22.152024      4.7387508E-24
   22.373544      4.6929199E-24
   22.597280      6.3420808E-26
   22.823253      1.7985731E-24
   23.051485      4.1218907E-25
   23.282000      5.8016087E-24
   23.514820      8.7755973E-24
   23.749968      1.0535948E-23
   23.987468      1.1763984E-25
   24.227343      1.5012680E-25
   24.469616      1.9316419E-25
   24.714312      5.9556830E-24
   24.961455      1.8697737E-23
   25.211070      1.5840017E-23
   25.463180      2.7364483E-25
   25.717812      3.3793016E-24
   25.974990      4.9670193E-25
   26.234740      5.5709555E-25
   26.497088      2.7460951E-23
   26.762059      4.2964038E-24
   27.029679      1.2969367E-25
   27.299976      1.6835951E-25
   27.572976      8.8198911E-24
   27.848705      8.6958086E-25
   28.127193      3.3696826E-23
   28.408464      3.2169411E-23
   28.692549      4.2852556E-25
   28.979475      2.0367449E-25
   29.269269      1.6364184E-24
   29.561962      1.3129213E-23
   29.857582      8.1314878E-26
