# Pressure:     1.000E-05 Ba
# Temperature:    340.000 K
#  lambda [mu]   kappa [cm^2/mol]
    0.500000      4.4380910E-29
    0.505000      3.4485402E-29
    0.510050      7.1113872E-30
    0.515150      3.8585404E-31
    0.520302      2.3075308E-30
    0.525505      2.8017387E-30
    0.530760      9.0476338E-31
    0.536068      8.8151608E-30
    0.541428      2.2035823E-29
    0.546843      7.4169203E-30
    0.552311      6.9763189E-31
    0.557834      1.3424129E-30
    0.563413      1.3942856E-29
    0.569047      3.0161473E-29
    0.574737      1.8661842E-29
    0.580484      1.2531169E-29
    0.586289      3.1044329E-28
    0.592152      2.1346707E-28
    0.598074      5.0197503E-29
    0.604054      2.6623533E-30
    0.610095      2.0679423E-31
    0.616196      1.6614404E-31
    0.622358      2.3003883E-29
    0.628582      2.1791209E-29
    0.634867      2.1720849E-29
    0.641216      8.7873698E-29
    0.647628      1.4395816E-28
    0.654104      9.8834057E-29
    0.660645      1.3534965E-29
    0.667252      1.0095400E-30
    0.673924      1.6367882E-30
    0.680664      1.1119767E-29
    0.687470      2.8544653E-28
    0.694345      3.1770087E-28
    0.701288      2.6900677E-28
    0.708301      1.9657667E-28
    0.715384      2.4294285E-27
    0.722538      2.0465255E-27
    0.729764      5.6592348E-28
    0.737061      1.3006238E-28
    0.744432      1.2317187E-29
    0.751876      2.4435990E-30
    0.759395      6.2569533E-31
    0.766989      4.8955408E-31
    0.774659      3.7564154E-30
    0.782405      1.5818743E-28
    0.790229      1.5893960E-28
    0.798132      2.3351927E-28
    0.806113      1.1084620E-27
    0.814174      1.1342391E-27
    0.822316      1.1493625E-27
    0.830539      8.1241549E-28
    0.838844      3.8010749E-28
    0.847233      3.3417615E-28
    0.855705      2.8475845E-28
    0.864262      3.3071191E-28
    0.872905      4.1657796E-28
    0.881634      9.8043248E-28
    0.890450      1.5055759E-26
    0.899355      9.6037119E-27
    0.908348      6.0434607E-27
    0.917432      1.8179007E-27
    0.926606      4.4363715E-26
    0.935872      2.1057037E-26
    0.945231      2.8170102E-26
    0.954683      1.7404671E-26
    0.964230      4.6373688E-27
    0.973872      3.4811467E-27
    0.983611      2.4365479E-27
    0.993447      2.6035072E-27
    1.003382      2.7960217E-27
    1.013416      2.3514129E-27
    1.023550      2.5069262E-27
    1.033785      8.0933650E-28
    1.044123      2.5571060E-28
    1.054564      1.1097216E-28
    1.065110      1.5947680E-28
    1.075761      3.3469570E-28
    1.086519      1.1292315E-27
    1.097384      3.0834644E-27
    1.108358      2.8590607E-26
    1.119441      6.2071427E-26
    1.130636      7.3719955E-26
    1.141942      3.6525548E-26
    1.153361      6.9138677E-26
    1.164895      7.4756473E-26
    1.176544      3.3880568E-26
    1.188309      7.9458171E-27
    1.200192      2.7120657E-27
    1.212194      1.7307689E-27
    1.224316      8.6119432E-28
    1.236560      2.8823891E-28
    1.248925      2.1233490E-28
    1.261414      1.3451712E-28
    1.274028      3.9633575E-28
    1.286769      1.6627691E-27
    1.299636      5.2156383E-27
    1.312633      1.1906329E-26
    1.325759      4.1101627E-26
    1.339017      1.6363661E-25
    1.352407      8.4662626E-25
    1.365931      5.1526530E-25
    1.379590      7.7592371E-25
    1.393386      6.6354008E-25
    1.407320      3.4678031E-25
    1.421393      1.6991548E-25
    1.435607      1.2131735E-25
    1.449963      4.5874903E-26
    1.464463      5.5194706E-26
    1.479108      3.2621158E-26
    1.493899      1.2750587E-26
    1.508838      9.8329396E-27
    1.523926      4.5238917E-27
    1.539165      2.6411199E-27
    1.554557      1.7284821E-27
    1.570102      5.6263001E-28
    1.585803      4.0380025E-28
    1.601662      2.7253751E-27
    1.617678      3.8988347E-26
    1.633855      1.1239504E-25
    1.650193      7.7992257E-26
    1.666695      8.2535301E-26
    1.683362      1.1351500E-25
    1.700196      1.3874647E-25
    1.717198      1.1202088E-25
    1.734370      8.0517852E-26
    1.751714      5.4561614E-26
    1.769231      8.9719412E-26
    1.786923      1.7511648E-25
    1.804792      3.5124398E-25
    1.822840      5.9827141E-25
    1.841069      7.1403174E-25
    1.859479      1.2228128E-24
    1.878074      2.4563129E-25
    1.896855      5.2459559E-25
    1.915823      4.1348520E-25
    1.934982      1.5407437E-25
    1.954331      5.8800089E-26
    1.973875      2.0943967E-26
    1.993613      1.5217739E-26
    2.013550      8.3719744E-27
    2.033685      2.7061663E-27
    2.054022      1.1266392E-27
    2.074562      7.7726559E-28
    2.095308      1.1558119E-27
    2.116261      7.7874374E-27
    2.137423      2.7204148E-26
    2.158798      7.5477412E-26
    2.180386      9.6526026E-26
    2.202190      1.6904119E-25
    2.224211      4.8074146E-25
    2.246454      9.0590199E-25
    2.268918      9.5389219E-25
    2.291607      1.0738690E-24
    2.314523      9.8017580E-25
    2.337669      1.4153310E-24
    2.361045      1.6252261E-24
    2.384656      5.9091643E-25
    2.408502      3.5556099E-25
    2.432587      1.8092537E-25
    2.456913      1.0928474E-25
    2.481482      1.8154195E-25
    2.506297      6.9583617E-25
    2.531360      1.3187005E-24
    2.556674      4.8832010E-24
    2.582240      5.8332347E-24
    2.608063      3.2941419E-24
    2.634143      2.1795859E-24
    2.660485      7.5596564E-24
    2.687090      3.4400240E-24
    2.713961      2.6180561E-24
    2.741100      4.5772142E-24
    2.768511      2.5656498E-24
    2.796196      1.2840719E-24
    2.824158      1.0874341E-24
    2.852400      5.0993214E-25
    2.880924      3.6036352E-25
    2.909733      1.6983657E-25
    2.938830      1.6037477E-25
    2.968219      7.3330032E-26
    2.997901      6.1441910E-26
    3.027880      1.0424715E-25
    3.058159      5.6378633E-26
    3.088740      1.3693367E-25
    3.119628      3.8770557E-25
    3.150824      1.8849664E-24
    3.182332      7.2869235E-24
    3.214156      7.6407322E-24
    3.246297      6.7437443E-24
    3.278760      4.1764668E-24
    3.311548      8.9595594E-24
    3.344663      4.6854913E-24
    3.378110      6.5826141E-24
    3.411891      4.2103713E-24
    3.446010      2.1687650E-24
    3.480470      7.6610753E-25
    3.515275      1.1302969E-24
    3.550427      6.4937553E-25
    3.585932      5.1646458E-25
    3.621791      3.2658839E-25
    3.658009      2.3507363E-25
    3.694589      2.9900626E-25
    3.731535      1.4194243E-25
    3.768850      1.4575461E-25
    3.806539      6.0185884E-26
    3.844604      1.4468320E-25
    3.883050      7.5826106E-26
    3.921881      6.7007995E-26
    3.961099      5.4940145E-26
    4.000710      3.5977604E-26
    4.040718      3.1883050E-26
    4.081125      1.4931022E-26
    4.121936      1.1311343E-26
    4.163155      7.5560833E-27
    4.204787      6.3187819E-27
    4.246835      5.0881253E-27
    4.289303      3.3601376E-27
    4.332196      2.6218143E-27
    4.375518      2.7679733E-27
    4.419273      3.2063914E-27
    4.463466      1.8851798E-27
    4.508101      6.7788431E-27
    4.553182      2.8508187E-27
    4.598714      3.6543766E-27
    4.644701      1.1498735E-26
    4.691148      1.1867856E-26
    4.738059      5.2874877E-27
    4.785440      7.1817800E-27
    4.833294      6.7908811E-27
    4.881627      1.6537907E-26
    4.930443      3.4407605E-26
    4.979748      6.4832793E-26
    5.029545      5.5901806E-27
    5.079841      5.0183887E-26
    5.130639      1.5676406E-25
    5.181946      2.1385276E-25
    5.233765      2.5487886E-25
    5.286103      4.6427828E-26
    5.338964      1.8193424E-25
    5.392353      2.0871064E-24
    5.446277      2.8257068E-25
    5.500740      5.2159290E-25
    5.555747      9.4167290E-25
    5.611304      1.3274885E-24
    5.667418      2.1933229E-24
    5.724092      3.4993446E-24
    5.781333      2.4360364E-24
    5.839146      4.3974193E-24
    5.897537      2.6133570E-24
    5.956513      1.3608551E-24
    6.016078      3.0958128E-24
    6.076239      1.2115833E-24
    6.137001      6.9860906E-25
    6.198371      1.9806204E-25
    6.260355      1.1421754E-25
    6.322958      5.7629273E-25
    6.386188      2.9091574E-24
    6.450050      3.2419166E-24
    6.514550      3.6873653E-24
    6.579696      1.1863932E-23
    6.645493      1.5480806E-24
    6.711948      7.3466343E-25
    6.779067      1.4978564E-24
    6.846858      1.0618210E-24
    6.915326      1.0535910E-24
    6.984480      1.5224746E-24
    7.054324      5.3097756E-25
    7.124868      1.0191881E-24
    7.196116      1.2290248E-24
    7.268078      2.6169933E-24
    7.340758      6.0086614E-24
    7.414166      7.7057651E-24
    7.488308      4.8959051E-24
    7.563191      1.8306584E-24
    7.638823      5.9049803E-23
    7.715211      6.1263142E-24
    7.792363      3.4051083E-24
    7.870286      3.5770646E-24
    7.948989      3.1151996E-24
    8.028479      2.5826140E-24
    8.108764      1.3812115E-24
    8.189852      8.9592735E-25
    8.271750      4.4579693E-25
    8.354468      2.6741549E-25
    8.438012      1.1774527E-25
    8.522393      4.9253009E-26
    8.607616      4.3578967E-26
    8.693693      2.6716914E-26
    8.780630      2.1907266E-26
    8.868436      4.6762978E-26
    8.957120      1.3472635E-26
    9.046691      3.3692196E-26
    9.137158      3.1710217E-26
    9.228530      1.7835909E-26
    9.320815      1.5449437E-26
    9.414023      1.4798418E-26
    9.508164      1.6483276E-26
    9.603245      1.3051089E-26
    9.699278      6.5935756E-27
    9.796270      8.7715552E-27
    9.894233      1.0198541E-27
    9.993175      1.3789410E-26
   10.093107      1.5526454E-28
   10.194038      6.3079168E-28
   10.295979      1.1129491E-24
   10.398938      1.9020226E-25
   10.502928      8.7076030E-26
   10.607957      4.4995407E-26
   10.714037      1.0433062E-24
   10.821177      7.2188510E-26
   10.929389      3.4183102E-26
   11.038683      9.2896575E-27
   11.149070      1.2825561E-26
   11.260560      2.7340084E-27
   11.373166      1.7078065E-27
   11.486898      1.9641118E-26
   11.601766      1.9246115E-27
   11.717784      2.4547625E-26
   11.834962      4.0026000E-27
   11.953312      2.8092029E-26
   12.072845      3.5141490E-26
   12.193573      2.2165917E-26
   12.315509      2.5258691E-26
   12.438664      8.2234216E-27
   12.563051      1.6530520E-26
   12.688681      1.3659285E-26
   12.815568      1.5351039E-26
   12.943724      9.6544821E-27
   13.073161      7.0207558E-27
   13.203892      1.1238575E-26
   13.335931      1.3300538E-26
   13.469291      4.9042666E-27
   13.603984      6.8782429E-27
   13.740023      8.5147827E-27
   13.877424      5.1559352E-27
   14.016198      1.3431292E-26
   14.156360      9.3797485E-27
   14.297924      8.9205381E-27
   14.440903      1.5632602E-26
   14.585312      2.6821657E-27
   14.731165      2.4144348E-27
   14.878477      6.0969344E-27
   15.027261      1.0059755E-26
   15.177534      1.9183554E-27
   15.329309      3.5445705E-27
   15.482602      1.2505419E-26
   15.637428      2.5109280E-26
   15.793803      3.2167556E-26
   15.951741      1.2951127E-26
   16.111258      1.4694785E-26
   16.272371      2.8732009E-27
   16.435094      6.3754244E-27
   16.599445      2.0862204E-26
   16.765440      5.4569945E-26
   16.933094      1.1070610E-26
   17.102425      3.1126233E-26
   17.273449      3.2094362E-26
   17.446184      2.6452332E-26
   17.620646      3.9562321E-27
   17.796852      4.2071298E-27
   17.974821      6.9343388E-27
   18.154569      4.1399778E-26
   18.336115      9.6475598E-27
   18.519476      2.1740431E-26
   18.704670      1.0990101E-27
   18.891717      9.0284012E-26
   19.080634      9.7997899E-26
   19.271441      3.2607444E-26
   19.464155      3.2273885E-26
   19.658797      1.4451126E-26
   19.855385      1.2561253E-26
   20.053938      1.1004666E-26
   20.254478      1.1639643E-26
   20.457023      8.0020903E-26
   20.661593      2.4254328E-26
   20.868209      3.7908661E-26
   21.076891      1.3954265E-25
   21.287660      7.4262254E-27
   21.500536      8.5446420E-26
   21.715542      6.5368348E-25
   21.932697      1.2595113E-25
   22.152024      1.3798529E-25
   22.373544      2.4445730E-25
   22.597280      2.8879658E-27
   22.823253      5.4578774E-26
   23.051485      4.9693276E-26
   23.282000      2.9607855E-25
   23.514820      4.3704738E-25
   23.749968      8.8325064E-25
   23.987468      5.0412931E-27
   24.227343      2.5947150E-27
   24.469616      6.1968077E-27
   24.714312      3.5609724E-25
   24.961455      1.6194398E-24
   25.211070      8.3532435E-25
   25.463180      1.0059704E-26
   25.717812      3.3141546E-25
   25.974990      1.2703991E-26
   26.234740      1.5521587E-26
   26.497088      1.9539990E-24
   26.762059      3.5446181E-25
   27.029679      2.3178496E-27
   27.299976      1.0495497E-26
   27.572976      5.1305687E-25
   27.848705      1.5064388E-26
   28.127193      3.2950543E-24
   28.408464      3.1202851E-24
   28.692549      2.7133116E-26
   28.979475      1.3810102E-26
   29.269269      2.2553822E-26
   29.561962      1.9236105E-24
   29.857582      2.6202301E-27
