# Pressure:     1.000E-06 Ba
# Temperature:    210.000 K
#  lambda [mu]   kappa [cm^2/mol]
    0.500000      4.2822506E-29
    0.505000      3.5348444E-29
    0.510050      2.2434124E-30
    0.515150      1.5543769E-31
    0.520302      2.1611327E-30
    0.525505      2.6194474E-30
    0.530760      5.4141994E-31
    0.536068      6.7934439E-30
    0.541428      2.5855241E-29
    0.546843      4.6879332E-30
    0.552311      2.1700503E-31
    0.557834      1.1390589E-30
    0.563413      8.9058502E-30
    0.569047      3.2106227E-29
    0.574737      1.1877306E-29
    0.580484      7.6092130E-30
    0.586289      3.3860983E-28
    0.592152      1.9366846E-28
    0.598074      1.5828321E-29
    0.604054      5.6490552E-31
    0.610095      8.4690025E-32
    0.616196      6.0873213E-32
    0.622358      1.5612233E-29
    0.628582      2.0754266E-29
    0.634867      1.2452852E-29
    0.641216      5.3554322E-29
    0.647628      1.3563672E-28
    0.654104      5.8480633E-29
    0.660645      4.5902816E-30
    0.667252      1.8324840E-31
    0.673924      6.7872115E-31
    0.680664      9.9666176E-30
    0.687470      1.9431728E-28
    0.694345      3.4595104E-28
    0.701288      1.8877389E-28
    0.708301      1.3456876E-28
    0.715384      2.3728496E-27
    0.722538      2.0498458E-27
    0.729764      2.6781834E-28
    0.737061      3.9510456E-29
    0.744432      3.0996398E-30
    0.751876      1.0265766E-30
    0.759395      1.1589338E-31
    0.766989      1.3056039E-31
    0.774659      9.4848098E-31
    0.782405      9.8137642E-29
    0.790229      1.3466226E-28
    0.798132      1.8214727E-28
    0.806113      5.1425776E-28
    0.814174      1.0925185E-27
    0.822316      1.0312232E-27
    0.830539      3.8612401E-28
    0.838844      3.6061092E-28
    0.847233      3.1125518E-28
    0.855705      3.4758037E-28
    0.864262      4.9208210E-28
    0.872905      8.5270081E-28
    0.881634      1.3144705E-27
    0.890450      1.7143704E-26
    0.899355      1.0098150E-26
    0.908348      4.1757360E-27
    0.917432      1.4343953E-27
    0.926606      3.3650767E-26
    0.935872      1.9124568E-26
    0.945231      1.8189257E-26
    0.954683      8.9303488E-27
    0.964230      3.4686273E-27
    0.973872      3.0180914E-27
    0.983611      4.7194660E-27
    0.993447      4.8085143E-27
    1.003382      4.3081869E-27
    1.013416      9.4357594E-27
    1.023550      1.5679008E-26
    1.033785      8.5285509E-27
    1.044123      2.1464354E-27
    1.054564      6.5691768E-28
    1.065110      1.0734668E-27
    1.075761      1.3706676E-27
    1.086519      1.2610887E-27
    1.097384      2.0565784E-27
    1.108358      1.2185063E-26
    1.119441      5.4060967E-26
    1.130636      6.4792878E-26
    1.141942      2.9078050E-26
    1.153361      5.2703929E-26
    1.164895      8.4140550E-26
    1.176544      3.5099131E-26
    1.188309      1.3005638E-26
    1.200192      1.9293239E-26
    1.212194      2.1560217E-26
    1.224316      9.0171694E-27
    1.236560      1.4726457E-27
    1.248925      2.4133373E-27
    1.261414      1.9222275E-27
    1.274028      2.7619621E-27
    1.286769      1.1532884E-26
    1.299636      1.5631340E-26
    1.312633      1.9935557E-26
    1.325759      3.3053950E-26
    1.339017      6.5054159E-26
    1.352407      5.8324927E-25
    1.365931      4.6661927E-25
    1.379590      5.6479385E-25
    1.393386      3.8888338E-25
    1.407320      1.4549614E-25
    1.421393      8.0116794E-26
    1.435607      8.5152986E-26
    1.449963      4.2383963E-26
    1.464463      6.7791392E-26
    1.479108      1.1321902E-25
    1.493899      2.0378220E-25
    1.508838      2.1131170E-25
    1.523926      8.7456452E-26
    1.539165      3.4912522E-26
    1.554557      8.5106851E-27
    1.570102      4.4532615E-27
    1.585803      2.4463792E-27
    1.601662      1.9826121E-27
    1.617678      1.7395934E-26
    1.633855      1.2064471E-25
    1.650193      1.0608058E-25
    1.666695      7.6141969E-26
    1.683362      9.7575816E-26
    1.700196      1.7377820E-25
    1.717198      1.3305004E-25
    1.734370      6.4231045E-26
    1.751714      3.2112600E-26
    1.769231      8.5529137E-26
    1.786923      1.0920049E-25
    1.804792      1.4029561E-25
    1.822840      3.5671773E-25
    1.841069      5.2936001E-25
    1.859479      8.2357544E-25
    1.878074      1.4693909E-25
    1.896855      3.4747971E-25
    1.915823      1.9008344E-25
    1.934982      2.2247034E-25
    1.954331      3.1412299E-25
    1.973875      3.0565399E-25
    1.993613      2.2805320E-25
    2.013550      9.5639583E-26
    2.033685      2.1701352E-26
    2.054022      7.7626993E-27
    2.074562      2.0709331E-27
    2.095308      4.4060713E-28
    2.116261      1.9125974E-27
    2.137423      1.2954976E-26
    2.158798      9.3267420E-26
    2.180386      1.0297228E-25
    2.202190      2.6656387E-25
    2.224211      6.2009317E-25
    2.246454      1.0752298E-24
    2.268918      1.3762623E-24
    2.291607      1.6209912E-24
    2.314523      1.1482128E-24
    2.337669      1.4859352E-24
    2.361045      1.5239456E-24
    2.384656      4.3035964E-25
    2.408502      1.9642948E-25
    2.432587      9.2084949E-26
    2.456913      5.2878306E-26
    2.481482      5.9462036E-26
    2.506297      1.4601117E-25
    2.531360      4.0238541E-25
    2.556674      2.3178394E-24
    2.582240      3.6772093E-24
    2.608063      2.6004680E-24
    2.634143      1.5599693E-24
    2.660485      5.9791359E-24
    2.687090      2.1377784E-24
    2.713961      1.3239803E-24
    2.741100      2.0585120E-24
    2.768511      7.5050018E-25
    2.796196      3.7736965E-25
    2.824158      5.3864857E-25
    2.852400      4.1663326E-25
    2.880924      4.7361794E-25
    2.909733      4.7479280E-25
    2.938830      5.0453521E-25
    2.968219      2.5991498E-25
    2.997901      3.1006045E-25
    3.027880      3.0420961E-25
    3.058159      1.8328844E-25
    3.088740      2.9754371E-25
    3.119628      1.6983437E-25
    3.150824      5.1315583E-25
    3.182332      3.1604574E-24
    3.214156      3.6200823E-24
    3.246297      4.0518582E-24
    3.278760      4.0845261E-24
    3.311548      2.7239941E-24
    3.344663      3.2209457E-24
    3.378110      3.7836580E-24
    3.411891      1.8144491E-24
    3.446010      8.2192331E-25
    3.480470      4.3473245E-25
    3.515275      7.7895948E-25
    3.550427      6.4834943E-25
    3.585932      3.4331811E-25
    3.621791      2.0975762E-25
    3.658009      1.2004888E-25
    3.694589      1.9467309E-25
    3.731535      9.4413324E-26
    3.768850      1.0011275E-25
    3.806539      3.3990485E-26
    3.844604      1.1632252E-25
    3.883050      6.2722659E-26
    3.921881      5.4940670E-26
    3.961099      3.5898889E-26
    4.000710      2.1814289E-26
    4.040718      1.8184898E-26
    4.081125      9.6225467E-27
    4.121936      4.4143410E-27
    4.163155      1.5227625E-27
    4.204787      4.6887155E-27
    4.246835      2.0217251E-27
    4.289303      1.2259246E-27
    4.332196      9.0112752E-28
    4.375518      5.6812463E-28
    4.419273      8.3603637E-28
    4.463466      3.3802670E-28
    4.508101      3.6546899E-28
    4.553182      1.3099434E-28
    4.598714      1.2397230E-28
    4.644701      4.5979076E-28
    4.691148      5.3214638E-28
    4.738059      2.6740819E-28
    4.785440      2.8640465E-28
    4.833294      5.6040136E-28
    4.881627      9.0313855E-28
    4.930443      3.6429523E-27
    4.979748      6.0618188E-27
    5.029545      4.8627295E-28
    5.079841      4.2194962E-27
    5.130639      2.9120336E-26
    5.181946      3.3019793E-26
    5.233765      2.2231920E-26
    5.286103      1.2949808E-26
    5.338964      3.2633378E-26
    5.392353      4.4643947E-25
    5.446277      8.4589690E-26
    5.500740      1.5802048E-25
    5.555747      3.5377342E-25
    5.611304      5.8060197E-25
    5.667418      6.0682778E-25
    5.724092      1.7345112E-24
    5.781333      1.1384239E-24
    5.839146      2.5845156E-24
    5.897537      1.7927683E-24
    5.956513      1.4231885E-24
    6.016078      2.9847454E-24
    6.076239      1.3097088E-24
    6.137001      3.8441989E-24
    6.198371      5.5848868E-25
    6.260355      4.3687099E-25
    6.322958      7.4848731E-25
    6.386188      2.1288988E-24
    6.450050      2.7066136E-24
    6.514550      1.6950198E-24
    6.579696      4.0436310E-24
    6.645493      8.1787336E-25
    6.711948      3.4407341E-25
    6.779067      5.1613228E-25
    6.846858      3.3300385E-25
    6.915326      4.4792955E-25
    6.984480      5.5748340E-25
    7.054324      1.0135313E-25
    7.124868      1.8043907E-25
    7.196116      2.0134253E-25
    7.268078      4.5916932E-25
    7.340758      2.1601498E-24
    7.414166      3.4978163E-24
    7.488308      1.5661085E-24
    7.563191      4.8907353E-25
    7.638823      4.8073976E-23
    7.715211      1.9018665E-24
    7.792363      9.9165421E-25
    7.870286      1.1319092E-24
    7.948989      8.3514045E-25
    8.028479      4.8539917E-25
    8.108764      1.8339129E-25
    8.189852      1.0719644E-25
    8.271750      3.8411131E-26
    8.354468      2.3562844E-26
    8.438012      5.7133100E-26
    8.522393      7.3316879E-27
    8.607616      4.6433413E-26
    8.693693      5.1454183E-26
    8.780630      4.2921035E-26
    8.868436      1.0564370E-25
    8.957120      3.4908236E-26
    9.046691      1.3525872E-25
    9.137158      2.2426768E-25
    9.228530      1.0214570E-25
    9.320815      1.6094043E-25
    9.414023      1.1327595E-25
    9.508164      2.0145213E-25
    9.603245      2.3018836E-25
    9.699278      9.2468946E-26
    9.796270      1.3934645E-25
    9.894233      2.7668708E-27
    9.993175      2.8268179E-25
   10.093107      7.0673181E-29
   10.194038      4.6371165E-28
   10.295979      2.9337388E-23
   10.398938      9.8608583E-25
   10.502928      5.6524925E-25
   10.607957      1.6298934E-25
   10.714037      1.6970907E-23
   10.821177      2.9431638E-25
   10.929389      7.4091965E-26
   11.038683      1.3041683E-26
   11.149070      1.4722370E-25
   11.260560      6.9009960E-27
   11.373166      1.3724864E-27
   11.486898      1.7467588E-25
   11.601766      1.5133242E-27
   11.717784      2.0410630E-25
   11.834962      8.1187583E-27
   11.953312      1.7543475E-25
   12.072845      1.2128321E-25
   12.193573      1.0290333E-25
   12.315509      1.0276375E-25
   12.438664      2.1705944E-26
   12.563051      5.6474402E-26
   12.688681      3.1427639E-26
   12.815568      4.4140399E-26
   12.943724      2.5953173E-26
   13.073161      1.7842860E-26
   13.203892      1.9489977E-26
   13.335931      1.7258122E-26
   13.469291      7.6686136E-27
   13.603984      6.3428649E-27
   13.740023      1.6719336E-26
   13.877424      6.0992147E-27
   14.016198      2.0941176E-26
   14.156360      3.1929846E-27
   14.297924      1.8579123E-27
   14.440903      1.2889242E-26
   14.585312      1.6891751E-27
   14.731165      2.0474881E-27
   14.878477      6.3998196E-27
   15.027261      2.8139619E-27
   15.177534      1.5563239E-27
   15.329309      5.1183033E-27
   15.482602      3.1483080E-27
   15.637428      6.9441349E-27
   15.793803      7.2109162E-26
   15.951741      8.0222492E-27
   16.111258      3.6852945E-27
   16.272371      1.2139381E-27
   16.435094      7.2411103E-28
   16.599445      1.2634232E-27
   16.765440      1.0690252E-26
   16.933094      7.3068527E-28
   17.102425      4.8421288E-27
   17.273449      4.4942369E-27
   17.446184      8.1297903E-27
   17.620646      2.0635743E-27
   17.796852      2.1534890E-28
   17.974821      3.0635920E-27
   18.154569      1.4138931E-26
   18.336115      2.0413903E-27
   18.519476      4.7969767E-27
   18.704670      8.9243328E-28
   18.891717      1.6980788E-26
   19.080634      9.9265266E-27
   19.271441      8.4875202E-28
   19.464155      1.7805565E-27
   19.658797      1.5861495E-27
   19.855385      2.5992049E-27
   20.053938      1.2314559E-27
   20.254478      1.4203194E-27
   20.457023      3.3332725E-26
   20.661593      5.5773626E-28
   20.868209      1.1474522E-28
   21.076891      3.4935445E-26
   21.287660      2.7142170E-28
   21.500536      3.2133480E-27
   21.715542      2.0243545E-25
   21.932697      1.0653934E-26
   22.152024      4.5798855E-27
   22.373544      5.4712692E-26
   22.597280      2.3427291E-28
   22.823253      1.2496088E-27
   23.051485      3.1411367E-26
   23.282000      2.0868521E-26
   23.514820      2.7682019E-26
   23.749968      2.7385142E-25
   23.987468      8.0372378E-29
   24.227343      1.2618508E-28
   24.469616      1.3195295E-27
   24.714312      3.7377096E-26
   24.961455      4.0045790E-25
   25.211070      8.6280463E-26
   25.463180      5.1235445E-29
   25.717812      2.2787326E-25
   25.974990      5.1131042E-28
   26.234740      5.0588913E-27
   26.497088      3.0408574E-25
   26.762059      2.2462772E-25
   27.029679      1.8374049E-28
   27.299976      2.8899101E-27
   27.572976      6.3683019E-26
   27.848705      1.1496096E-27
   28.127193      6.2595555E-25
   28.408464      5.7221710E-25
   28.692549      2.9302962E-26
   28.979475      2.3458612E-27
   29.269269      5.3844975E-28
   29.561962      1.5212739E-24
   29.857582      8.9730748E-28
