# Pressure:     1.000E-03 Ba
# Temperature:   3250.000 K
#  lambda [mu]   kappa [cm^2/mol]
    0.500000      1.2082579E-32
    0.505000      1.1596685E-32
    0.510050      1.1172230E-32
    0.515150      1.0683533E-32
    0.520302      1.0568295E-32
    0.525505      9.8432355E-33
    0.530760      1.2130382E-32
    0.536068      9.0698708E-33
    0.541428      8.7065738E-33
    0.546843      8.3580108E-33
    0.552311      8.0235734E-33
    0.557834      7.7026790E-33
    0.563413      5.7640322E-32
    0.569047      7.0993112E-33
    0.574737      9.0468139E-33
    0.580484      2.1029407E-32
    0.586289      2.2823565E-27
    0.592152      1.4997820E-32
    0.598074      8.7091843E-33
    0.604054      8.8395017E-33
    0.610095      1.6283139E-32
    0.616196      9.1416362E-33
    0.622358      9.7559499E-33
    0.628582      8.5656016E-33
    0.634867      8.4249245E-33
    0.641216      1.1848981E-32
    0.647628      1.5216946E-32
    0.654104      1.4283569E-32
    0.660645      1.6348339E-32
    0.667252      1.4208270E-32
    0.673924      1.5605283E-32
    0.680664      1.4863059E-32
    0.687470      5.3840153E-32
    0.694345      2.1691811E-32
    0.701288      2.8578381E-32
    0.708301      3.8618966E-32
    0.715384      8.8792868E-32
    0.722538      8.4172244E-32
    0.729764      8.7071486E-32
    0.737061      8.4739069E-32
    0.744432      1.0680433E-31
    0.751876      1.1425048E-31
    0.759395      9.7883441E-32
    0.766989      6.9285588E-29
    0.774659      1.0191380E-31
    0.782405      9.2549337E-32
    0.790229      8.5607444E-32
    0.798132      9.8075344E-32
    0.806113      2.2322323E-31
    0.814174      3.0491638E-30
    0.822316      2.1068260E-31
    0.830539      2.0946755E-31
    0.838844      2.5922008E-31
    0.847233      2.7561330E-31
    0.855705      2.4008759E-31
    0.864262      2.2242306E-31
    0.872905      2.1814912E-31
    0.881634      2.5894795E-31
    0.890450      3.9025694E-31
    0.899355      2.8369557E-31
    0.908348      4.4092460E-31
    0.917432      6.3227002E-31
    0.926606      1.7422796E-30
    0.935872      1.4104087E-30
    0.945231      2.4850950E-30
    0.954683      1.6016728E-30
    0.964230      2.0167173E-30
    0.973872      2.2661204E-30
    0.983611      1.9510947E-30
    0.993447      1.7557270E-30
    1.003382      1.6494584E-30
    1.013416      1.6898400E-30
    1.023550      1.6366238E-30
    1.033785      1.3953639E-30
    1.044123      1.2661885E-30
    1.054564      1.1238890E-30
    1.065110      1.0498462E-30
    1.075761      1.0759641E-30
    1.086519      2.1506254E-30
    1.097384      3.6337583E-30
    1.108358      5.2436997E-30
    1.119441      4.3723397E-30
    1.130636      6.2201767E-30
    1.141942      5.9031638E-30
    1.153361      6.0667883E-30
    1.164895      7.1331866E-30
    1.176544      1.0130547E-29
    1.188309      6.7973453E-30
    1.200192      6.2357835E-30
    1.212194      5.3818799E-30
    1.224316      5.0794900E-30
    1.236560      4.7695564E-30
    1.248925      4.7321689E-30
    1.261414      4.2781858E-30
    1.274028      3.8629461E-30
    1.286769      3.5884751E-30
    1.299636      4.3369607E-30
    1.312633      5.7308840E-30
    1.325759      1.3854095E-28
    1.339017      8.1948030E-29
    1.352407      4.1368120E-29
    1.365931      3.3473050E-29
    1.379590      3.9877616E-29
    1.393386      4.8199667E-29
    1.407320      6.1679999E-29
    1.421393      6.0523768E-29
    1.435607      5.7812641E-29
    1.449963      6.0766411E-29
    1.464463      5.7216959E-29
    1.479108      5.1262405E-29
    1.493899      4.6176987E-29
    1.508838      4.4033783E-29
    1.523926      3.9654069E-29
    1.539165      3.7974362E-29
    1.554557      9.1529222E-28
    1.570102      1.2221821E-27
    1.585803      2.9635655E-28
    1.601662      7.3172717E-28
    1.617678      1.6079803E-27
    1.633855      1.0131062E-27
    1.650193      5.4741290E-28
    1.666695      4.0703227E-28
    1.683362      5.0257937E-28
    1.700196      3.4827848E-28
    1.717198      1.8448593E-28
    1.734370      1.7627499E-28
    1.751714      1.9519323E-28
    1.769231      1.4812275E-28
    1.786923      1.3066615E-28
    1.804792      1.3706235E-28
    1.822840      1.1844659E-28
    1.841069      1.4602060E-28
    1.859479      1.2556204E-28
    1.878074      1.1210613E-28
    1.896855      9.2765755E-29
    1.915823      9.0043304E-29
    1.934982      9.1553459E-29
    1.954331      9.8877065E-29
    1.973875      1.1349512E-28
    1.993613      1.1677126E-28
    2.013550      1.0564705E-28
    2.033685      1.0369461E-28
    2.054022      9.6462533E-29
    2.074562      8.3125574E-29
    2.095308      7.0249662E-29
    2.116261      6.0152298E-29
    2.137423      4.8366254E-29
    2.158798      4.0732807E-29
    2.180386      3.4349602E-29
    2.202190      2.9172078E-29
    2.224211      2.6054134E-29
    2.246454      2.3218354E-29
    2.268918      2.2032181E-29
    2.291607      5.5007130E-26
    2.314523      1.2914895E-25
    2.337669      8.4690630E-26
    2.361045      5.1797269E-26
    2.384656      7.7458712E-26
    2.408502      9.7627660E-26
    2.432587      6.2290055E-26
    2.456913      4.0637738E-26
    2.481482      3.7159093E-26
    2.506297      2.9528424E-26
    2.531360      2.6092479E-26
    2.556674      1.5450406E-26
    2.582240      1.3038006E-26
    2.608063      8.8804204E-27
    2.634143      5.2322779E-27
    2.660485      3.7993969E-27
    2.687090      2.9835564E-27
    2.713961      2.2654740E-27
    2.741100      1.6541803E-27
    2.768511      1.2200294E-27
    2.796196      1.0614862E-27
    2.824158      9.3083214E-28
    2.852400      8.2444808E-28
    2.880924      7.7031574E-28
    2.909733      7.6872421E-28
    2.938830      7.1317544E-28
    2.968219      6.7737355E-28
    2.997901      6.0341535E-28
    3.027880      6.0163597E-28
    3.058159      5.2611266E-28
    3.088740      4.5599132E-28
    3.119628      4.0859276E-28
    3.150824      3.6305587E-28
    3.182332      3.3518916E-28
    3.214156      2.8467887E-28
    3.246297      2.5663162E-28
    3.278760      2.1502727E-28
    3.311548      1.9684505E-28
    3.344663      1.8090845E-28
    3.378110      1.6229202E-28
    3.411891      1.4043610E-28
    3.446010      1.2770023E-28
    3.480470      1.1564280E-28
    3.515275      1.0503439E-28
    3.550427      9.4979865E-29
    3.585932      8.6008505E-29
    3.621791      7.6471495E-29
    3.658009      6.6570156E-29
    3.694589      6.1258517E-29
    3.731535      5.4070826E-29
    3.768850      4.5963735E-29
    3.806539      4.4986112E-29
    3.844604      4.4704355E-29
    3.883050      3.9677272E-29
    3.921881      5.8999739E-29
    3.961099      4.5061709E-29
    4.000710      5.1201158E-29
    4.040718      6.2154379E-29
    4.081125      7.0340657E-29
    4.121936      7.0148080E-29
    4.163155      8.6233117E-29
    4.204787      1.1447698E-28
    4.246835      1.4827888E-28
    4.289303      3.5278251E-25
    4.332196      1.9333898E-24
    4.375518      2.8756257E-24
    4.419273      4.9423256E-24
    4.463466      7.0634246E-24
    4.508101      5.9125027E-24
    4.553182      6.4076330E-24
    4.598714      4.8250506E-24
    4.644701      3.2598681E-24
    4.691148      2.6217975E-24
    4.738059      3.1731529E-24
    4.785440      3.5892896E-24
    4.833294      3.0356598E-24
    4.881627      2.7952091E-24
    4.930443      2.5427588E-24
    4.979748      2.3316352E-24
    5.029545      2.6345149E-24
    5.079841      1.9738621E-24
    5.130639      1.5849287E-24
    5.181946      1.5348380E-24
    5.233765      1.3216447E-24
    5.286103      1.2069111E-24
    5.338964      7.1990838E-25
    5.392353      5.4752978E-25
    5.446277      4.5899258E-25
    5.500740      3.4266943E-25
    5.555747      2.6185029E-25
    5.611304      1.8247920E-25
    5.667418      1.1720098E-25
    5.724092      8.8728273E-26
    5.781333      6.7086687E-26
    5.839146      4.2560584E-26
    5.897537      3.0049285E-26
    5.956513      2.1543886E-26
    6.016078      1.5057115E-26
    6.076239      8.9131283E-27
    6.137001      7.6754385E-27
    6.198371      5.2197551E-27
    6.260355      3.4747412E-27
    6.322958      2.4124527E-27
    6.386188      1.9773365E-27
    6.450050      2.0179678E-27
    6.514550      1.7168079E-27
    6.579696      1.8271602E-27
    6.645493      1.6682521E-27
    6.711948      1.4809747E-27
    6.779067      1.6428776E-27
    6.846858      1.3645634E-27
    6.915326      1.2066289E-27
    6.984480      1.3134874E-27
    7.054324      1.1279014E-27
    7.124868      1.0267067E-27
    7.196116      1.2450295E-27
    7.268078      1.1870150E-27
    7.340758      1.0083916E-27
    7.414166      1.1331946E-27
    7.488308      1.0689634E-27
    7.563191      1.2782013E-27
    7.638823      1.0122462E-27
    7.715211      1.0431023E-27
    7.792363      1.1535379E-27
    7.870286      1.1001508E-27
    7.948989      1.1498561E-27
    8.028479      1.2754662E-27
    8.108764      1.3245128E-27
    8.189852      1.0997112E-27
    8.271750      1.2829624E-27
    8.354468      9.9256705E-28
    8.438012      1.1140646E-27
    8.522393      1.0058394E-27
    8.607616      8.8045040E-28
    8.693693      9.7632025E-28
    8.780630      8.4312134E-28
    8.868436      7.7563102E-28
    8.957120      7.7111191E-28
    9.046691      7.8791659E-28
    9.137158      7.1602608E-28
    9.228530      6.8184683E-28
    9.320815      8.3083997E-28
    9.414023      8.0459505E-28
    9.508164      7.3915424E-28
    9.603245      6.8716750E-28
    9.699278      6.9815459E-28
    9.796270      1.0329970E-27
    9.894233      7.8503978E-28
    9.993175      1.0166709E-27
   10.093107      8.4110300E-28
   10.194038      9.3654266E-28
   10.295979      1.1483836E-27
   10.398938      1.2705884E-27
   10.502928      1.2004360E-27
   10.607957      1.9968903E-27
   10.714037      1.3130879E-27
   10.821177      1.9673566E-27
   10.929389      1.7283850E-27
   11.038683      1.7471781E-27
   11.149070      2.0010696E-27
   11.260560      1.9785544E-27
   11.373166      2.1170081E-27
   11.486898      2.6252686E-27
   11.601766      1.5652095E-27
   11.717784      2.5463460E-27
   11.834962      2.2168111E-27
   11.953312      3.0278441E-27
   12.072845      3.1002922E-27
   12.193573      2.5051688E-27
   12.315509      3.2234966E-27
   12.438664      3.9348153E-27
   12.563051      3.1616201E-27
   12.688681      3.5370643E-27
   12.815568      3.2051260E-27
   12.943724      3.8637209E-27
   13.073161      3.7673250E-27
   13.203892      5.0070858E-27
   13.335931      3.9121623E-27
   13.469291      4.6255391E-27
   13.603984      5.1702534E-27
   13.740023      4.6722979E-27
   13.877424      4.1659420E-27
   14.016198      4.4049194E-27
   14.156360      4.3109541E-27
   14.297924      4.9313427E-27
   14.440903      4.7139021E-27
   14.585312      6.0376971E-27
   14.731165      6.5476763E-27
   14.878477      4.9608637E-27
   15.027261      5.4356335E-27
   15.177534      3.7767984E-27
   15.329309      7.1397903E-27
   15.482602      5.8350347E-27
   15.637428      5.7342412E-27
   15.793803      3.5986932E-27
   15.951741      6.7102288E-27
   16.111258      6.5431608E-27
   16.272371      4.8093582E-27
   16.435094      4.7661531E-27
   16.599445      4.8137337E-27
   16.765440      5.1003650E-27
   16.933094      3.8324384E-27
   17.102425      5.6849754E-27
   17.273449      7.9586224E-27
   17.446184      4.3633495E-27
   17.620646      6.4192978E-27
   17.796852      5.1026128E-27
   17.974821      7.6989829E-27
   18.154569      3.2681154E-27
   18.336115      7.7945883E-27
   18.519476      7.7633772E-27
   18.704670      3.3376883E-27
   18.891717      6.5391948E-27
   19.080634      6.4564518E-27
   19.271441      8.6829886E-27
   19.464155      6.3930067E-27
   19.658797      4.8296671E-27
   19.855385      2.9105574E-27
   20.053938      6.7423510E-27
   20.254478      6.8300374E-27
   20.457023      3.7586453E-27
   20.661593      4.1356194E-27
   20.868209      7.9249216E-27
   21.076891      4.5177483E-27
   21.287660      2.8003091E-27
   21.500536      5.5421555E-27
   21.715542      5.4756004E-27
   21.932697      3.5023647E-27
   22.152024      4.1989856E-27
   22.373544      7.2156107E-27
   22.597280      3.4496076E-27
   22.823253      4.4648961E-27
   23.051485      3.3410137E-27
   23.282000      7.3698281E-27
   23.514820      4.9595857E-27
   23.749968      4.7713135E-27
   23.987468      2.1694740E-27
   24.227343      5.6622146E-27
   24.469616      4.4155938E-27
   24.714312      5.3263909E-27
   24.961455      2.9282802E-27
   25.211070      6.1365803E-27
   25.463180      5.7646575E-27
   25.717812      5.2650401E-27
   25.974990      2.5772138E-27
   26.234740      4.0056633E-27
   26.497088      8.1921530E-27
   26.762059      2.6256256E-27
   27.029679      5.4676554E-27
   27.299976      2.3794910E-27
   27.572976      3.6437571E-27
   27.848705      5.9797996E-27
   28.127193      6.5654367E-27
   28.408464      6.5290815E-27
   28.692549      2.1767624E-27
   28.979475      3.3051488E-27
   29.269269      7.0088204E-27
   29.561962      3.0337460E-27
   29.857582      5.9554823E-27
