# Pressure:     1.000E+02 Ba
# Temperature:   1100.000 K
#  lambda [mu]   kappa [cm^2/mol]
    0.500000      5.5509560E-27
    0.505000      6.4246201E-27
    0.510050      7.5208250E-27
    0.515150      8.8854891E-27
    0.520302      1.0567667E-26
    0.525505      1.2600010E-26
    0.530760      1.5305886E-26
    0.536068      1.9010066E-26
    0.541428      2.4481592E-26
    0.546843      3.2501605E-26
    0.552311      4.5169624E-26
    0.557834      6.6851877E-26
    0.563413      1.0634358E-25
    0.569047      1.9887284E-25
    0.574737      4.8186181E-25
    0.580484      2.3678903E-24
    0.586289      6.3420298E-23
    0.592152      1.3735470E-24
    0.598074      3.7562204E-25
    0.604054      1.7761769E-25
    0.610095      1.0479997E-25
    0.616196      6.9310678E-26
    0.622358      5.0695161E-26
    0.628582      3.9591283E-26
    0.634867      3.2185890E-26
    0.641216      2.7468625E-26
    0.647628      2.4219840E-26
    0.654104      2.2241121E-26
    0.660645      2.1029115E-26
    0.667252      2.0636278E-26
    0.673924      2.0970106E-26
    0.680664      2.2070267E-26
    0.687470      2.4594071E-26
    0.694345      2.7557820E-26
    0.701288      3.1513699E-26
    0.708301      3.6852535E-26
    0.715384      4.7768167E-26
    0.722538      6.3490544E-26
    0.729764      9.0335281E-26
    0.737061      1.4268128E-25
    0.744432      2.6910116E-25
    0.751876      7.1817540E-25
    0.759395      6.7836323E-24
    0.766989      2.5556932E-23
    0.774659      1.3068535E-24
    0.782405      3.8655084E-25
    0.790229      1.8978246E-25
    0.798132      1.1236754E-25
    0.806113      7.5979783E-26
    0.814174      5.4125573E-26
    0.822316      4.1028389E-26
    0.830539      3.3274815E-26
    0.838844      2.6644248E-26
    0.847233      2.1857269E-26
    0.855705      1.8334649E-26
    0.864262      1.6094872E-26
    0.872905      1.4449946E-26
    0.881634      1.5926742E-26
    0.890450      1.9260861E-26
    0.899355      1.4494534E-26
    0.908348      1.4220330E-26
    0.917432      1.5550601E-26
    0.926606      4.5861421E-26
    0.935872      2.6523385E-26
    0.945231      5.9759832E-26
    0.954683      3.3858068E-26
    0.964230      2.3702778E-26
    0.973872      1.8999196E-26
    0.983611      1.4941785E-26
    0.993447      1.2975768E-26
    1.003382      1.2186242E-26
    1.013416      1.2821415E-26
    1.023550      1.0428413E-26
    1.033785      9.5956718E-27
    1.044123      7.9284646E-27
    1.054564      6.7506414E-27
    1.065110      6.4377816E-27
    1.075761      6.4502780E-27
    1.086519      1.0890877E-26
    1.097384      3.0354015E-26
    1.108358      7.3924940E-26
    1.119441      5.7322675E-26
    1.130636      7.7886416E-26
    1.141942      5.8662602E-26
    1.153361      7.4241107E-26
    1.164895      7.1995780E-26
    1.176544      4.5948822E-26
    1.188309      3.2414306E-26
    1.200192      2.2871818E-26
    1.212194      1.7300874E-26
    1.224316      1.3233846E-26
    1.236560      1.0133847E-26
    1.248925      8.0844825E-27
    1.261414      8.2345156E-27
    1.274028      1.4149636E-26
    1.286769      1.9628081E-26
    1.299636      2.5416115E-26
    1.312633      3.3435525E-26
    1.325759      9.0034238E-25
    1.339017      8.9847833E-25
    1.352407      9.6483273E-25
    1.365931      4.4797544E-25
    1.379590      7.9616650E-25
    1.393386      6.9619285E-25
    1.407320      7.9312770E-25
    1.421393      6.4603167E-25
    1.435607      4.6348884E-25
    1.449963      3.1796734E-25
    1.464463      2.7190694E-25
    1.479108      2.2250511E-25
    1.493899      1.6782942E-25
    1.508838      1.5605926E-25
    1.523926      1.1721534E-25
    1.539165      8.6026424E-26
    1.554557      6.2126517E-26
    1.570102      4.5699492E-26
    1.585803      4.2816927E-26
    1.601662      7.9040717E-26
    1.617678      1.4076950E-25
    1.633855      1.3629920E-25
    1.650193      1.1726801E-25
    1.666695      1.6410719E-25
    1.683362      1.4999731E-25
    1.700196      1.3438651E-25
    1.717198      1.3529661E-25
    1.734370      1.9125312E-25
    1.751714      3.1807779E-25
    1.769231      5.6358223E-25
    1.786923      9.5419834E-25
    1.804792      1.2840532E-24
    1.822840      1.1850452E-24
    1.841069      1.2178384E-24
    1.859479      1.5257805E-24
    1.878074      6.1801065E-25
    1.896855      8.5120422E-25
    1.915823      1.1723799E-24
    1.934982      1.1837249E-24
    1.954331      9.9658193E-25
    1.973875      7.3651578E-25
    1.993613      4.8388127E-25
    2.013550      3.5569926E-25
    2.033685      2.5488568E-25
    2.054022      1.6363383E-25
    2.074562      1.1058554E-25
    2.095308      9.2089747E-26
    2.116261      1.0146108E-25
    2.137423      1.5578019E-25
    2.158798      2.8435089E-25
    2.180386      5.2650586E-25
    2.202190      7.4771309E-25
    2.224211      8.1793945E-25
    2.246454      1.0346195E-24
    2.268918      1.2016039E-24
    2.291607      1.0793375E-24
    2.314523      1.4699363E-24
    2.337669      1.4595371E-24
    2.361045      1.4688609E-24
    2.384656      1.1542806E-24
    2.408502      1.1311263E-24
    2.432587      1.5035092E-24
    2.456913      2.6260758E-24
    2.481482      4.5551987E-24
    2.506297      7.2599021E-24
    2.531360      9.0443665E-24
    2.556674      9.3180698E-24
    2.582240      7.6996307E-24
    2.608063      4.0949374E-24
    2.634143      3.8739088E-24
    2.660485      1.3991196E-23
    2.687090      9.0997385E-24
    2.713961      8.0568846E-24
    2.741100      1.0710916E-23
    2.768511      9.4020920E-24
    2.796196      9.4292527E-24
    2.824158      9.1807857E-24
    2.852400      6.8581375E-24
    2.880924      5.9208497E-24
    2.909733      4.5840829E-24
    2.938830      3.4207827E-24
    2.968219      2.9940145E-24
    2.997901      2.5143851E-24
    3.027880      2.5236628E-24
    3.058159      3.6710765E-24
    3.088740      6.6053505E-24
    3.119628      1.0652490E-23
    3.150824      1.4318023E-23
    3.182332      1.5154169E-23
    3.214156      1.1625760E-23
    3.246297      6.8593819E-24
    3.278760      1.5336859E-23
    3.311548      3.1864675E-23
    3.344663      1.0367519E-23
    3.378110      8.0479873E-24
    3.411891      9.0070919E-24
    3.446010      8.3555285E-24
    3.480470      6.8135154E-24
    3.515275      5.3801156E-24
    3.550427      3.9139648E-24
    3.585932      2.5929937E-24
    3.621791      1.6627984E-24
    3.658009      1.1262493E-24
    3.694589      8.6325362E-25
    3.731535      6.9338822E-25
    3.768850      5.6120372E-25
    3.806539      4.4501384E-25
    3.844604      3.7923221E-25
    3.883050      3.0765228E-25
    3.921881      3.7357444E-25
    3.961099      2.9410985E-25
    4.000710      2.1798983E-25
    4.040718      2.1854682E-25
    4.081125      2.1704765E-25
    4.121936      2.3336036E-25
    4.163155      2.6683868E-25
    4.204787      2.8577022E-25
    4.246835      3.1652052E-25
    4.289303      3.9258469E-25
    4.332196      3.7315219E-25
    4.375518      4.5121125E-25
    4.419273      3.6274850E-25
    4.463466      3.4897488E-25
    4.508101      3.9321320E-25
    4.553182      3.5498259E-25
    4.598714      5.1621718E-25
    4.644701      6.5228361E-25
    4.691148      6.7327206E-25
    4.738059      7.0810028E-25
    4.785440      7.7497604E-25
    4.833294      8.8131502E-25
    4.881627      1.1262638E-24
    4.930443      1.7024269E-24
    4.979748      2.2031208E-24
    5.029545      1.7928516E-24
    5.079841      2.4016545E-24
    5.130639      3.5575447E-24
    5.181946      4.8554328E-24
    5.233765      4.5936706E-24
    5.286103      5.0444242E-24
    5.338964      6.5805488E-24
    5.392353      8.3927231E-24
    5.446277      7.8513865E-24
    5.500740      9.5946152E-24
    5.555747      1.0032876E-23
    5.611304      1.1234701E-23
    5.667418      1.2507417E-23
    5.724092      1.2278908E-23
    5.781333      1.1849417E-23
    5.839146      1.2116947E-23
    5.897537      1.1590700E-23
    5.956513      6.9315853E-24
    6.016078      1.0327405E-23
    6.076239      6.3961269E-24
    6.137001      6.2932803E-24
    6.198371      4.0109224E-24
    6.260355      3.4985337E-24
    6.322958      5.9018591E-24
    6.386188      1.5080369E-23
    6.450050      2.0358962E-23
    6.514550      2.2980814E-23
    6.579696      3.3738307E-23
    6.645493      1.8339703E-23
    6.711948      1.5383567E-23
    6.779067      1.9002057E-23
    6.846858      1.4128101E-23
    6.915326      1.4830074E-23
    6.984480      1.7856923E-23
    7.054324      1.5359416E-23
    7.124868      2.0357719E-23
    7.196116      2.0638172E-23
    7.268078      2.3396030E-23
    7.340758      2.0540649E-23
    7.414166      2.5075236E-23
    7.488308      1.7163928E-23
    7.563191      2.0255997E-23
    7.638823      2.2949487E-23
    7.715211      2.4967516E-23
    7.792363      2.1391295E-23
    7.870286      1.6630176E-23
    7.948989      1.3973159E-23
    8.028479      1.2280128E-23
    8.108764      1.2220771E-23
    8.189852      1.0052795E-23
    8.271750      9.4770307E-24
    8.354468      7.9813858E-24
    8.438012      7.5948783E-24
    8.522393      6.0392373E-24
    8.607616      5.7493911E-24
    8.693693      5.1154458E-24
    8.780630      4.3537552E-24
    8.868436      4.1856024E-24
    8.957120      3.7571662E-24
    9.046691      3.4065502E-24
    9.137158      2.9290416E-24
    9.228530      2.7585609E-24
    9.320815      3.0065814E-24
    9.414023      2.4285154E-24
    9.508164      2.0041046E-24
    9.603245      1.7225390E-24
    9.699278      1.5319622E-24
    9.796270      2.4389606E-24
    9.894233      1.3341898E-24
    9.993175      1.4123894E-24
   10.093107      2.1019300E-24
   10.194038      3.7688883E-24
   10.295979      7.1690333E-24
   10.398938      8.0885595E-24
   10.502928      8.0195035E-24
   10.607957      8.2249904E-24
   10.714037      7.3997718E-24
   10.821177      7.5266533E-24
   10.929389      8.1762337E-24
   11.038683      3.7517904E-24
   11.149070      3.3032065E-24
   11.260560      2.7019221E-24
   11.373166      2.6549238E-24
   11.486898      3.2960208E-24
   11.601766      3.7932137E-24
   11.717784      3.8095341E-24
   11.834962      3.0166879E-24
   11.953312      3.3310654E-24
   12.072845      3.5171491E-24
   12.193573      4.0122566E-24
   12.315509      5.4149350E-24
   12.438664      5.2378891E-24
   12.563051      4.8291768E-24
   12.688681      4.7854335E-24
   12.815568      4.3370258E-24
   12.943724      6.0048589E-24
   13.073161      5.8879009E-24
   13.203892      7.5800345E-24
   13.335931      7.8352809E-24
   13.469291      7.9939998E-24
   13.603984      7.6104540E-24
   13.740023      7.6704751E-24
   13.877424      8.0352123E-24
   14.016198      7.2862448E-24
   14.156360      1.1348115E-23
   14.297924      1.0810745E-23
   14.440903      1.0097670E-23
   14.585312      1.0286890E-23
   14.731165      1.4170730E-23
   14.878477      1.2974669E-23
   15.027261      1.3727156E-23
   15.177534      1.0236620E-23
   15.329309      1.7481784E-23
   15.482602      1.7996473E-23
   15.637428      2.0868630E-23
   15.793803      1.5068766E-23
   15.951741      2.1413563E-23
   16.111258      2.3029341E-23
   16.272371      2.4732147E-23
   16.435094      2.2854441E-23
   16.599445      2.5786864E-23
   16.765440      1.9864965E-23
   16.933094      2.7897584E-23
   17.102425      2.8470538E-23
   17.273449      3.9607369E-23
   17.446184      2.2004106E-23
   17.620646      3.1956554E-23
   17.796852      2.9843487E-23
   17.974821      4.1931299E-23
   18.154569      2.8426417E-23
   18.336115      4.1795508E-23
   18.519476      4.3597289E-23
   18.704670      2.7876813E-23
   18.891717      4.3055877E-23
   19.080634      3.4670917E-23
   19.271441      6.6501868E-23
   19.464155      4.9628971E-23
   19.658797      3.9378319E-23
   19.855385      4.6397219E-23
   20.053938      4.4004174E-23
   20.254478      5.0320085E-23
   20.457023      3.8483514E-23
   20.661593      4.1593540E-23
   20.868209      6.6097319E-23
   21.076891      5.2519245E-23
   21.287660      4.5493294E-23
   21.500536      5.9765267E-23
   21.715542      4.6761878E-23
   21.932697      4.1383541E-23
   22.152024      6.4200492E-23
   22.373544      6.5130170E-23
   22.597280      5.3841671E-23
   22.823253      6.7794336E-23
   23.051485      3.7887710E-23
   23.282000      7.3998975E-23
   23.514820      8.7788789E-23
   23.749968      8.5832525E-23
   23.987468      3.4929355E-23
   24.227343      3.3796771E-23
   24.469616      4.5072211E-23
   24.714312      7.0304573E-23
   24.961455      1.0990893E-22
   25.211070      8.9060064E-23
   25.463180      7.1292487E-23
   25.717812      4.2485917E-23
   25.974990      4.6333113E-23
   26.234740      7.6146906E-23
   26.497088      1.0402188E-22
   26.762059      6.8891611E-23
   27.029679      5.5747768E-23
   27.299976      3.9668979E-23
   27.572976      7.6512892E-23
   27.848705      9.4686940E-23
   28.127193      1.2900492E-22
   28.408464      9.5306894E-23
   28.692549      6.4024196E-23
   28.979475      5.6906394E-23
   29.269269      6.7747824E-23
   29.561962      6.1356196E-23
   29.857582      5.9512893E-23
