# Pressure:     1.000E-05 Ba
# Temperature:   1300.000 K
#  lambda [mu]   kappa [cm^2/mol]
    0.500000      1.0772424E-29
    0.505000      8.0946198E-30
    0.510050      7.9605801E-30
    0.515150      3.7357457E-30
    0.520302      2.0600690E-30
    0.525505      1.6273479E-30
    0.530760      1.4076368E-30
    0.536068      4.2160853E-30
    0.541428      5.5219831E-30
    0.546843      5.1913154E-30
    0.552311      3.5275442E-30
    0.557834      2.1690865E-30
    0.563413      8.2781322E-30
    0.569047      7.2494584E-30
    0.574737      9.8447030E-30
    0.580484      1.2648508E-29
    0.586289      1.0422801E-24
    0.592152      6.5023180E-29
    0.598074      5.5089265E-29
    0.604054      3.0838168E-29
    0.610095      1.4305588E-29
    0.616196      1.2521239E-29
    0.622358      2.1393344E-29
    0.628582      1.6432124E-29
    0.634867      2.0489363E-29
    0.641216      6.9270076E-29
    0.647628      6.1086901E-29
    0.654104      7.0762448E-29
    0.660645      5.0984391E-29
    0.667252      2.7514594E-29
    0.673924      2.1646596E-29
    0.680664      1.6480881E-29
    0.687470      2.1444000E-28
    0.694345      8.7230781E-29
    0.701288      1.4146866E-28
    0.708301      2.2638619E-28
    0.715384      7.5638455E-28
    0.722538      6.0660935E-28
    0.729764      6.4427460E-28
    0.737061      4.3150700E-28
    0.744432      2.7799836E-28
    0.751876      1.7395386E-28
    0.759395      1.0199095E-28
    0.766989      2.6348811E-25
    0.774659      8.3058597E-29
    0.782405      1.2330599E-28
    0.790229      1.1630806E-28
    0.798132      1.9334939E-28
    0.806113      1.2185604E-27
    0.814174      8.0902375E-28
    0.822316      9.1133710E-28
    0.830539      8.6179845E-28
    0.838844      6.7547814E-28
    0.847233      4.6066628E-28
    0.855705      2.5435208E-28
    0.864262      1.7911609E-28
    0.872905      1.4316957E-28
    0.881634      3.5971955E-28
    0.890450      1.9743679E-27
    0.899355      8.5631804E-28
    0.908348      1.8538545E-27
    0.917432      3.1874352E-27
    0.926606      1.5433849E-26
    0.935872      7.9318463E-27
    0.945231      2.9153000E-26
    0.954683      1.2703800E-26
    0.964230      9.0477680E-27
    0.973872      6.9936745E-27
    0.983611      4.3389753E-27
    0.993447      2.8106807E-27
    1.003382      1.7548902E-27
    1.013416      1.1072761E-27
    1.023550      7.5200675E-28
    1.033785      4.9195919E-28
    1.044123      4.1593465E-28
    1.054564      4.1792772E-28
    1.065110      4.8821628E-28
    1.075761      5.8641487E-28
    1.086519      3.2224547E-27
    1.097384      1.2754917E-26
    1.108358      2.8647127E-26
    1.119441      2.0708434E-26
    1.130636      2.8879032E-26
    1.141942      1.8249062E-26
    1.153361      2.0415121E-26
    1.164895      2.3649873E-26
    1.176544      1.4215211E-26
    1.188309      8.5775797E-27
    1.200192      5.4588520E-27
    1.212194      3.3289896E-27
    1.224316      2.4148728E-27
    1.236560      1.7073394E-27
    1.248925      1.4211463E-27
    1.261414      1.9561702E-27
    1.274028      2.8394475E-27
    1.286769      4.5945353E-27
    1.299636      5.7936053E-27
    1.312633      8.6580350E-27
    1.325759      4.4310939E-25
    1.339017      5.1781966E-25
    1.352407      3.6789101E-25
    1.365931      1.9518394E-25
    1.379590      3.3313669E-25
    1.393386      3.2971313E-25
    1.407320      3.9258356E-25
    1.421393      3.1861082E-25
    1.435607      2.4904235E-25
    1.449963      1.8627307E-25
    1.464463      1.2511012E-25
    1.479108      8.7322405E-26
    1.493899      6.6542917E-26
    1.508838      5.0268239E-26
    1.523926      3.3303452E-26
    1.539165      2.1587469E-26
    1.554557      1.4993376E-26
    1.570102      9.7314184E-27
    1.585803      6.8436861E-27
    1.601662      4.9724775E-27
    1.617678      4.2121468E-27
    1.633855      3.7333885E-27
    1.650193      4.1697214E-27
    1.666695      3.7452328E-27
    1.683362      5.9344515E-27
    1.700196      1.0586032E-26
    1.717198      2.7849096E-26
    1.734370      6.2354736E-26
    1.751714      1.3361361E-25
    1.769231      2.6388558E-25
    1.786923      3.7754349E-25
    1.804792      5.3561024E-25
    1.822840      5.0969626E-25
    1.841069      6.0438963E-25
    1.859479      6.5548671E-25
    1.878074      2.9603950E-25
    1.896855      3.1393104E-25
    1.915823      3.9440519E-25
    1.934982      4.9059467E-25
    1.954331      4.8826059E-25
    1.973875      3.2076032E-25
    1.993613      2.1883683E-25
    2.013550      1.3303572E-25
    2.033685      9.1961297E-26
    2.054022      5.0395537E-26
    2.074562      2.9428322E-26
    2.095308      1.8090295E-26
    2.116261      1.1925179E-26
    2.137423      9.0513400E-27
    2.158798      8.4110709E-27
    2.180386      8.6019145E-27
    2.202190      1.0636995E-26
    2.224211      1.3641708E-26
    2.246454      1.4754161E-26
    2.268918      2.0033365E-26
    2.291607      8.5190419E-26
    2.314523      1.4355728E-25
    2.337669      9.1718577E-26
    2.361045      1.5264177E-25
    2.384656      1.6154996E-25
    2.408502      2.6063835E-25
    2.432587      5.0436236E-25
    2.456913      1.2230517E-24
    2.481482      2.0190759E-24
    2.506297      3.3006307E-24
    2.531360      3.5390786E-24
    2.556674      3.9248840E-24
    2.582240      3.1507568E-24
    2.608063      1.8261060E-24
    2.634143      1.2207230E-24
    2.660485      5.7517943E-24
    2.687090      4.1737754E-24
    2.713961      4.0688670E-24
    2.741100      4.3523316E-24
    2.768511      3.5170879E-24
    2.796196      3.7195958E-24
    2.824158      4.1671850E-24
    2.852400      3.1868803E-24
    2.880924      2.5773845E-24
    2.909733      2.5269150E-24
    2.938830      1.8730083E-24
    2.968219      1.4305516E-24
    2.997901      9.4544155E-25
    3.027880      9.5894804E-25
    3.058159      5.6969190E-25
    3.088740      5.1369383E-25
    3.119628      4.4220372E-25
    3.150824      3.1696862E-25
    3.182332      3.2865804E-25
    3.214156      2.1101709E-25
    3.246297      1.8519424E-25
    3.278760      1.8495611E-25
    3.311548      1.5107359E-25
    3.344663      1.5651878E-25
    3.378110      1.4158953E-25
    3.411891      1.1680723E-25
    3.446010      1.0146170E-25
    3.480470      7.9627440E-26
    3.515275      6.9582851E-26
    3.550427      5.2186119E-26
    3.585932      4.0576596E-26
    3.621791      2.8737876E-26
    3.658009      2.2520161E-26
    3.694589      1.6933472E-26
    3.731535      1.5352744E-26
    3.768850      1.1853165E-26
    3.806539      1.2640499E-26
    3.844604      2.0870527E-26
    3.883050      9.8304445E-27
    3.921881      3.8614501E-26
    3.961099      1.4259325E-26
    4.000710      2.1777459E-26
    4.040718      4.1166896E-26
    4.081125      5.5448920E-26
    4.121936      7.3992329E-26
    4.163155      1.1524519E-25
    4.204787      1.8372514E-25
    4.246835      1.9772249E-25
    4.289303      2.3379553E-25
    4.332196      3.2853015E-25
    4.375518      1.0351871E-24
    4.419273      1.2235174E-24
    4.463466      4.1136506E-24
    4.508101      5.0367078E-24
    4.553182      6.6705463E-24
    4.598714      6.3176198E-24
    4.644701      3.2490141E-24
    4.691148      4.1970910E-24
    4.738059      4.6239702E-24
    4.785440      3.8702046E-24
    4.833294      4.0663518E-24
    4.881627      4.1867395E-24
    4.930443      3.8453953E-24
    4.979748      3.0747484E-24
    5.029545      2.2782635E-24
    5.079841      1.9142819E-24
    5.130639      1.8029993E-24
    5.181946      2.1439524E-24
    5.233765      2.5795497E-24
    5.286103      2.0076729E-24
    5.338964      2.6836361E-24
    5.392353      3.5727171E-24
    5.446277      2.3042613E-24
    5.500740      3.7698974E-24
    5.555747      3.6963721E-24
    5.611304      4.7634992E-24
    5.667418      5.6700192E-24
    5.724092      4.7940738E-24
    5.781333      5.4355703E-24
    5.839146      4.4741175E-24
    5.897537      3.2461059E-24
    5.956513      1.5855858E-24
    6.016078      3.3753068E-24
    6.076239      1.6686423E-24
    6.137001      1.4092753E-24
    6.198371      8.7725257E-25
    6.260355      6.5855976E-25
    6.322958      1.0490781E-24
    6.386188      3.1009793E-24
    6.450050      6.2934220E-24
    6.514550      6.8089626E-24
    6.579696      1.5662147E-23
    6.645493      6.3226368E-24
    6.711948      4.7685575E-24
    6.779067      7.6237765E-24
    6.846858      4.7918165E-24
    6.915326      4.8043244E-24
    6.984480      6.9343423E-24
    7.054324      4.3651731E-24
    7.124868      4.0354789E-24
    7.196116      4.8667807E-24
    7.268078      5.9776461E-24
    7.340758      2.8959651E-24
    7.414166      6.3324975E-24
    7.488308      3.8536043E-24
    7.563191      4.7968749E-24
    7.638823      2.9126184E-24
    7.715211      2.7450897E-24
    7.792363      3.5509859E-24
    7.870286      2.6818508E-24
    7.948989      2.6899816E-24
    8.028479      2.4264633E-24
    8.108764      2.9688542E-24
    8.189852      1.6002636E-24
    8.271750      2.2338589E-24
    8.354468      1.0750312E-24
    8.438012      1.3157412E-24
    8.522393      7.4323835E-25
    8.607616      7.2892251E-25
    8.693693      7.1834757E-25
    8.780630      5.1454976E-25
    8.868436      5.3080217E-25
    8.957120      5.1535721E-25
    9.046691      3.5134894E-25
    9.137158      2.6791417E-25
    9.228530      2.9555571E-25
    9.320815      6.7088053E-25
    9.414023      3.7191819E-25
    9.508164      3.1502373E-25
    9.603245      2.3344342E-25
    9.699278      1.9916558E-25
    9.796270      9.6670432E-25
    9.894233      1.7541015E-25
    9.993175      3.2920118E-25
   10.093107      1.6789306E-25
   10.194038      2.3326586E-25
   10.295979      4.9681098E-25
   10.398938      3.2699745E-25
   10.502928      3.5169239E-25
   10.607957      7.1641146E-25
   10.714037      1.9505568E-25
   10.821177      1.0482389E-24
   10.929389      8.4305809E-25
   11.038683      2.7504378E-25
   11.149070      4.8243832E-25
   11.260560      2.4198775E-25
   11.373166      5.3980820E-25
   11.486898      8.4865307E-25
   11.601766      5.7862719E-25
   11.717784      1.3647013E-24
   11.834962      5.4914696E-25
   11.953312      5.2753299E-25
   12.072845      5.7173996E-25
   12.193573      1.0259154E-24
   12.315509      1.3499797E-24
   12.438664      1.5752235E-24
   12.563051      1.1296442E-24
   12.688681      1.5578840E-24
   12.815568      9.0844446E-25
   12.943724      2.1811685E-24
   13.073161      1.4982463E-24
   13.203892      2.5349121E-24
   13.335931      2.1794164E-24
   13.469291      1.8900290E-24
   13.603984      2.9754405E-24
   13.740023      3.0032833E-24
   13.877424      2.7552259E-24
   14.016198      1.8113718E-24
   14.156360      2.8930365E-24
   14.297924      2.6582308E-24
   14.440903      3.6889390E-24
   14.585312      5.0997849E-24
   14.731165      4.1909651E-24
   14.878477      3.0331500E-24
   15.027261      5.5673900E-24
   15.177534      2.4749679E-24
   15.329309      5.8855920E-24
   15.482602      6.3371701E-24
   15.637428      5.2499029E-24
   15.793803      2.0268276E-24
   15.951741      8.7689886E-24
   16.111258      8.3226606E-24
   16.272371      4.2780185E-24
   16.435094      4.2302823E-24
   16.599445      7.3314289E-24
   16.765440      5.0687887E-24
   16.933094      3.0882413E-24
   17.102425      7.2508179E-24
   17.273449      1.1637697E-23
   17.446184      3.8538810E-24
   17.620646      7.8215009E-24
   17.796852      7.8195275E-24
   17.974821      1.0023081E-23
   18.154569      2.1227882E-24
   18.336115      2.0186808E-23
   18.519476      1.8032446E-23
   18.704670      1.6548851E-24
   18.891717      1.1595644E-23
   19.080634      9.0502328E-24
   19.271441      2.9560489E-23
   19.464155      8.7761546E-24
   19.658797      6.4501000E-24
   19.855385      2.1626623E-24
   20.053938      1.4275489E-23
   20.254478      9.4111350E-24
   20.457023      7.3053424E-24
   20.661593      6.7281449E-24
   20.868209      1.6048083E-23
   21.076891      8.1521930E-24
   21.287660      1.1602483E-24
   21.500536      1.1622399E-23
   21.715542      1.4015239E-23
   21.932697      7.7195306E-24
   22.152024      1.0760170E-23
   22.373544      1.2808741E-23
   22.597280      3.2665052E-24
   22.823253      1.1092481E-23
   23.051485      4.0093625E-24
   23.282000      2.5833812E-23
   23.514820      1.3283884E-23
   23.749968      1.0846065E-23
   23.987468      2.6884140E-24
   24.227343      1.0143535E-23
   24.469616      7.4338855E-24
   24.714312      1.3028952E-23
   24.961455      1.1034900E-23
   25.211070      1.3440671E-23
   25.463180      1.4370302E-23
   25.717812      1.4485971E-23
   25.974990      3.9548354E-24
   26.234740      5.6345482E-24
   26.497088      3.7874332E-23
   26.762059      7.3444800E-24
   27.029679      7.5596528E-24
   27.299976      2.8859360E-24
   27.572976      6.2338812E-24
   27.848705      1.8811580E-23
   28.127193      3.4503517E-23
   28.408464      2.6660921E-23
   28.692549      3.7870614E-24
   28.979475      3.3195958E-24
   29.269269      2.4674210E-23
   29.561962      5.5485814E-24
   29.857582      7.5967857E-24
