# Pressure:     3.000E-02 Ba
# Temperature:    800.000 K
#  lambda [mu]   kappa [cm^2/mol]
    0.500000      3.2595544E-29
    0.505000      2.3710452E-29
    0.510050      1.6761764E-29
    0.515150      4.6624760E-30
    0.520302      2.9124802E-30
    0.525505      2.6229977E-30
    0.530760      2.0686093E-30
    0.536068      1.1202413E-29
    0.541428      1.5034726E-29
    0.546843      1.2353374E-29
    0.552311      6.1468147E-30
    0.557834      4.7696747E-30
    0.563413      2.2304697E-29
    0.569047      2.6495478E-29
    0.574737      4.0137946E-29
    0.580484      1.1315770E-28
    0.586289      1.5692389E-24
    0.592152      2.3937384E-28
    0.598074      1.2965127E-28
    0.604054      4.0056253E-29
    0.610095      1.2175687E-29
    0.616196      6.4109573E-30
    0.622358      3.0555466E-29
    0.628582      2.4503060E-29
    0.634867      3.3030632E-29
    0.641216      1.4922155E-28
    0.647628      1.2861022E-28
    0.654104      1.4383371E-28
    0.660645      6.8439489E-29
    0.667252      1.8833655E-29
    0.673924      1.0958296E-29
    0.680664      1.7091739E-29
    0.687470      4.2605683E-28
    0.694345      2.1955765E-28
    0.701288      3.0754377E-28
    0.708301      4.0556158E-28
    0.715384      1.8738851E-27
    0.722538      1.6658733E-27
    0.729764      1.3013910E-27
    0.737061      5.8596865E-28
    0.744432      2.1126395E-28
    0.751876      6.9060189E-29
    0.759395      2.8787538E-29
    0.766989      2.9439004E-29
    0.774659      4.5793427E-29
    0.782405      2.1199130E-28
    0.790229      1.9059083E-28
    0.798132      3.1068289E-28
    0.806113      2.3482271E-27
    0.814174      1.4711729E-27
    0.822316      1.6666280E-27
    0.830539      1.9168917E-27
    0.838844      1.2742994E-27
    0.847233      9.4535935E-28
    0.855705      7.1828711E-28
    0.864262      9.0115938E-28
    0.872905      1.0797080E-27
    0.881634      3.5934923E-27
    0.890450      1.0200366E-26
    0.899355      6.9615008E-27
    0.908348      7.0128083E-27
    0.917432      5.8052264E-27
    0.926606      4.2077174E-26
    0.935872      1.9728343E-26
    0.945231      6.7403110E-26
    0.954683      3.0291193E-26
    0.964230      1.4520502E-26
    0.973872      9.5278298E-27
    0.983611      5.8175566E-27
    0.993447      4.5603490E-27
    1.003382      3.6993027E-27
    1.013416      2.6037761E-27
    1.023550      2.2893545E-27
    1.033785      1.2592155E-27
    1.044123      8.1708685E-28
    1.054564      6.9059470E-28
    1.065110      8.6550018E-28
    1.075761      1.2202403E-27
    1.086519      3.4170697E-27
    1.097384      1.6622164E-26
    1.108358      6.2369473E-26
    1.119441      5.4721572E-26
    1.130636      7.5877422E-26
    1.141942      5.1708692E-26
    1.153361      7.6477303E-26
    1.164895      6.9819523E-26
    1.176544      3.4240888E-26
    1.188309      1.8515484E-26
    1.200192      8.1432765E-27
    1.212194      4.2910787E-27
    1.224316      2.4318578E-27
    1.236560      1.4007289E-27
    1.248925      1.0193055E-27
    1.261414      1.2677367E-27
    1.274028      2.8953571E-27
    1.286769      7.0141459E-27
    1.299636      1.1756705E-26
    1.312633      1.9581880E-26
    1.325759      2.4586252E-25
    1.339017      6.7731892E-25
    1.352407      9.9065723E-25
    1.365931      5.0382586E-25
    1.379590      9.2976574E-25
    1.393386      8.0098007E-25
    1.407320      8.1782541E-25
    1.421393      5.4557061E-25
    1.435607      3.4410605E-25
    1.449963      1.6089556E-25
    1.464463      1.2636397E-25
    1.479108      9.4726685E-26
    1.493899      5.6405875E-26
    1.508838      3.4696910E-26
    1.523926      1.5840627E-26
    1.539165      7.6392678E-27
    1.554557      4.3068537E-27
    1.570102      3.2917728E-27
    1.585803      5.7021266E-27
    1.601662      2.8420109E-26
    1.617678      1.0889740E-25
    1.633855      1.2716826E-25
    1.650193      7.9784181E-26
    1.666695      1.6104133E-25
    1.683362      1.2255643E-25
    1.700196      1.1613712E-25
    1.717198      9.7631868E-26
    1.734370      1.2214841E-25
    1.751714      1.8832688E-25
    1.769231      3.6315706E-25
    1.786923      5.9969385E-25
    1.804792      1.0984497E-24
    1.822840      1.2273102E-24
    1.841069      1.2359791E-24
    1.859479      1.6537454E-24
    1.878074      4.8361793E-25
    1.896855      7.4364342E-25
    1.915823      8.9911833E-25
    1.934982      7.6637810E-25
    1.954331      5.6122009E-25
    1.973875      2.3592413E-25
    1.993613      1.1174574E-25
    2.013550      5.2942245E-26
    2.033685      2.9561770E-26
    2.054022      1.4838720E-26
    2.074562      1.3176289E-26
    2.095308      2.0379643E-26
    2.116261      3.7335723E-26
    2.137423      6.1651472E-26
    2.158798      9.6551788E-26
    2.180386      2.2070694E-25
    2.202190      4.2964381E-25
    2.224211      6.1425021E-25
    2.246454      8.8989772E-25
    2.268918      9.0982342E-25
    2.291607      7.6381606E-25
    2.314523      1.1522250E-24
    2.337669      1.2655646E-24
    2.361045      1.4567014E-24
    2.384656      8.8236433E-25
    2.408502      7.8071353E-25
    2.432587      8.4391250E-25
    2.456913      1.2974015E-24
    2.481482      2.4142145E-24
    2.506297      5.4824473E-24
    2.531360      7.4061689E-24
    2.556674      1.0532218E-23
    2.582240      8.9427032E-24
    2.608063      4.4450853E-24
    2.634143      3.2706809E-24
    2.660485      1.6436212E-23
    2.687090      7.5525202E-24
    2.713961      7.7829199E-24
    2.741100      1.0876514E-23
    2.768511      7.8692165E-24
    2.796196      7.0843771E-24
    2.824158      6.8262079E-24
    2.852400      4.2240592E-24
    2.880924      2.6907429E-24
    2.909733      2.0414053E-24
    2.938830      1.3233379E-24
    2.968219      1.0060382E-24
    2.997901      7.4994213E-25
    3.027880      8.9555985E-25
    3.058159      1.3378142E-24
    3.088740      3.6713382E-24
    3.119628      6.5102262E-24
    3.150824      1.1251644E-23
    3.182332      1.8921618E-23
    3.214156      1.3505680E-23
    3.246297      8.5368275E-24
    3.278760      3.8294475E-24
    3.311548      4.1753062E-23
    3.344663      6.4998031E-24
    3.378110      9.5496274E-24
    3.411891      1.0352014E-23
    3.446010      8.7334637E-24
    3.480470      5.6936901E-24
    3.515275      4.3314976E-24
    3.550427      2.4348160E-24
    3.585932      1.3876034E-24
    3.621791      8.4611007E-25
    3.658009      5.4601407E-25
    3.694589      4.9266237E-25
    3.731535      3.3693177E-25
    3.768850      3.3855119E-25
    3.806539      2.1446652E-25
    3.844604      2.1554043E-25
    3.883050      1.5277352E-25
    3.921881      1.5125458E-25
    3.961099      1.2201244E-25
    4.000710      1.0302641E-25
    4.040718      1.0475922E-25
    4.081125      9.6153366E-26
    4.121936      1.1140220E-25
    4.163155      1.2546443E-25
    4.204787      1.7980808E-25
    4.246835      1.7486287E-25
    4.289303      2.9025461E-25
    4.332196      2.1307299E-25
    4.375518      2.4426004E-25
    4.419273      2.2392990E-25
    4.463466      3.7674826E-25
    4.508101      6.4795938E-25
    4.553182      6.4953061E-25
    4.598714      7.0295193E-25
    4.644701      5.2415898E-25
    4.691148      7.2552004E-25
    4.738059      5.5353682E-25
    4.785440      5.5281809E-25
    4.833294      5.2618441E-25
    4.881627      7.6962263E-25
    4.930443      1.0377869E-24
    4.979748      1.4682679E-24
    5.029545      5.5952614E-25
    5.079841      9.3552468E-25
    5.130639      1.9332715E-24
    5.181946      3.3019880E-24
    5.233765      2.9387048E-24
    5.286103      2.0723966E-24
    5.338964      3.1376677E-24
    5.392353      7.8974381E-24
    5.446277      3.6099341E-24
    5.500740      6.9632119E-24
    5.555747      8.1060160E-24
    5.611304      1.0574601E-23
    5.667418      1.5004335E-23
    5.724092      1.4697293E-23
    5.781333      1.3317705E-23
    5.839146      1.6805749E-23
    5.897537      1.0550516E-23
    5.956513      4.3137536E-24
    6.016078      1.1641852E-23
    6.076239      5.1832434E-24
    6.137001      3.3532929E-24
    6.198371      1.2913837E-24
    6.260355      1.0204070E-24
    6.322958      2.9249471E-24
    6.386188      1.3208142E-23
    6.450050      1.7187146E-23
    6.514550      1.9201673E-23
    6.579696      4.3983239E-23
    6.645493      1.3346601E-23
    6.711948      8.1452029E-24
    6.779067      1.1858614E-23
    6.846858      7.6661160E-24
    6.915326      1.0957201E-23
    6.984480      1.5448074E-23
    7.054324      8.0047772E-24
    7.124868      1.1534326E-23
    7.196116      1.4548411E-23
    7.268078      2.2275952E-23
    7.340758      1.7832068E-23
    7.414166      2.5005736E-23
    7.488308      1.1883387E-23
    7.563191      1.0220785E-23
    7.638823      4.0974564E-23
    7.715211      2.1715440E-23
    7.792363      1.3447829E-23
    7.870286      1.1461963E-23
    7.948989      9.9015177E-24
    8.028479      1.0327336E-23
    8.108764      9.6897010E-24
    8.189852      7.4069376E-24
    8.271750      5.3434062E-24
    8.354468      4.5497375E-24
    8.438012      2.7950609E-24
    8.522393      1.8041067E-24
    8.607616      1.3106211E-24
    8.693693      9.2011364E-25
    8.780630      6.2672484E-25
    8.868436      6.1493114E-25
    8.957120      4.3311835E-25
    9.046691      3.2192571E-25
    9.137158      2.3485822E-25
    9.228530      2.3433124E-25
    9.320815      2.8082109E-25
    9.414023      1.4098517E-25
    9.508164      1.6267981E-25
    9.603245      1.2815403E-25
    9.699278      9.4412188E-26
    9.796270      5.0490356E-25
    9.894233      5.6739036E-26
    9.993175      1.2367171E-25
   10.093107      5.0904751E-26
   10.194038      1.3758574E-25
   10.295979      3.7015539E-25
   10.398938      1.7769729E-25
   10.502928      1.5572656E-25
   10.607957      2.9672891E-25
   10.714037      1.6283323E-25
   10.821177      4.7958628E-25
   10.929389      5.2374998E-25
   11.038683      6.5565167E-26
   11.149070      1.4133162E-25
   11.260560      3.9090468E-26
   11.373166      1.1624962E-25
   11.486898      3.0254070E-25
   11.601766      3.4536768E-25
   11.717784      4.8212641E-25
   11.834962      2.1559677E-25
   11.953312      7.6541550E-26
   12.072845      8.1614893E-26
   12.193573      4.4013480E-25
   12.315509      8.6442817E-25
   12.438664      8.4498094E-25
   12.563051      1.4089237E-25
   12.688681      4.6028703E-25
   12.815568      2.1031147E-25
   12.943724      9.5328758E-25
   13.073161      5.5186629E-25
   13.203892      1.3987012E-24
   13.335931      1.4370936E-24
   13.469291      2.3708386E-25
   13.603984      1.0302366E-24
   13.740023      5.9633423E-25
   13.877424      7.7837312E-25
   14.016198      5.0403483E-25
   14.156360      2.3666445E-24
   14.297924      2.5873146E-24
   14.440903      2.6311601E-24
   14.585312      1.2270755E-24
   14.731165      1.1330654E-24
   14.878477      1.0211714E-24
   15.027261      2.2799964E-24
   15.177534      8.7434404E-25
   15.329309      2.2234797E-24
   15.482602      5.5056988E-24
   15.637428      4.9822947E-24
   15.793803      3.1395541E-25
   15.951741      4.8955481E-24
   16.111258      4.3196960E-24
   16.272371      3.2913064E-24
   16.435094      2.3919411E-24
   16.599445      5.2913767E-24
   16.765440      3.6808945E-24
   16.933094      4.5663287E-24
   17.102425      7.3131850E-24
   17.273449      1.4709972E-23
   17.446184      1.8109024E-24
   17.620646      9.4028337E-24
   17.796852      1.0694496E-23
   17.974821      8.5223700E-24
   18.154569      2.6133596E-24
   18.336115      1.6438975E-23
   18.519476      1.9303543E-23
   18.704670      2.7473070E-25
   18.891717      1.9796484E-23
   19.080634      1.2124956E-23
   19.271441      4.4076573E-23
   19.464155      1.9627881E-23
   19.658797      7.4528638E-24
   19.855385      1.5370872E-24
   20.053938      1.6359097E-23
   20.254478      8.5271099E-24
   20.457023      2.1688783E-23
   20.661593      1.3192176E-23
   20.868209      5.8324751E-23
   21.076891      1.3738746E-23
   21.287660      4.0346111E-25
   21.500536      3.9474469E-23
   21.715542      2.7136424E-23
   21.932697      1.7012690E-23
   22.152024      7.2167690E-23
   22.373544      4.1998647E-23
   22.597280      1.2895410E-24
   22.823253      2.8960599E-23
   23.051485      2.0255906E-24
   23.282000      7.1229403E-23
   23.514820      6.2781390E-23
   23.749968      6.0055748E-23
   23.987468      1.7786422E-24
   24.227343      4.5339039E-24
   24.469616      5.8336257E-24
   24.714312      4.2969542E-23
   24.961455      9.0618239E-23
   25.211070      6.2314101E-23
   25.463180      1.0324012E-23
   25.717812      1.8080155E-23
   25.974990      5.6833262E-24
   26.234740      1.0667213E-23
   26.497088      2.0851212E-22
   26.762059      1.9762572E-23
   27.029679      3.2259905E-24
   27.299976      1.4890335E-24
   27.572976      3.3829588E-23
   27.848705      2.8219191E-23
   28.127193      2.1334881E-22
   28.408464      1.0307159E-22
   28.692549      4.2923751E-24
   28.979475      2.4034430E-24
   29.269269      3.8658842E-23
   29.561962      2.2952052E-23
   29.857582      1.7694632E-24
