# Pressure:     3.000E+01 Ba
# Temperature:    180.000 K
#  lambda [mu]   kappa [cm^2/mol]
    0.500000      1.3658872E-31
    0.505000      1.3109386E-31
    0.510050      1.2582325E-31
    0.515150      1.2076756E-31
    0.520302      1.1591785E-31
    0.525505      1.2645557E-31
    0.530760      1.0680247E-31
    0.536068      1.0252076E-31
    0.541428      9.8412926E-32
    0.546843      9.4471763E-32
    0.552311      9.0690390E-32
    0.557834      8.7062211E-32
    0.563413      8.3580912E-32
    0.569047      8.0240445E-32
    0.574737      7.7035015E-32
    0.580484      7.3959075E-32
    0.586289      7.1007307E-32
    0.592152      6.8174619E-32
    0.598074      6.5456133E-32
    0.604054      6.2847173E-32
    0.610095      6.0343260E-32
    0.616196      5.7940103E-32
    0.622358      5.5633587E-32
    0.628582      7.4051025E-32
    0.634867      9.5015509E-32
    0.641216      1.9410017E-31
    0.647628      4.7297532E-32
    0.654104      1.4414567E-31
    0.660645      4.3614343E-32
    0.667252      4.1882667E-32
    0.673924      4.0220320E-32
    0.680664      3.8624494E-32
    0.687470      3.7092494E-32
    0.694345      3.5621738E-32
    0.701288      3.4209748E-32
    0.708301      3.2854152E-32
    0.715384      3.3626119E-32
    0.722538      3.0303122E-32
    0.729764      6.8599054E-32
    0.737061      2.7951528E-32
    0.744432      2.6845548E-32
    0.751876      2.5783624E-32
    0.759395      2.4763982E-32
    0.766989      2.3784924E-32
    0.774659      2.2844818E-32
    0.782405      2.1942101E-32
    0.790229      1.5254474E-31
    0.798132      5.7170420E-31
    0.806113      1.3382215E-31
    0.814174      1.0958111E-31
    0.822316      1.9433269E-30
    0.830539      9.7288309E-29
    0.838844      2.8463827E-28
    0.847233      2.6119414E-28
    0.855705      3.3073401E-28
    0.864262      4.5538248E-28
    0.872905      7.9182069E-28
    0.881634      1.1799384E-27
    0.890450      1.4490395E-26
    0.899355      7.0457803E-27
    0.908348      3.2519957E-28
    0.917432      2.3290460E-28
    0.926606      4.9059973E-28
    0.935872      2.4573656E-28
    0.945231      1.0421013E-28
    0.954683      1.6188502E-28
    0.964230      6.0176675E-28
    0.973872      1.2243700E-27
    0.983611      4.2508221E-27
    0.993447      4.4072660E-27
    1.003382      3.7951823E-27
    1.013416      7.9025285E-27
    1.023550      1.5422496E-26
    1.033785      7.3852102E-27
    1.044123      1.5517422E-27
    1.054564      5.5799135E-28
    1.065110      9.4650648E-28
    1.075761      1.1228788E-27
    1.086519      7.6228705E-28
    1.097384      6.2629304E-28
    1.108358      1.2547341E-27
    1.119441      1.2329040E-26
    1.130636      1.2410574E-26
    1.141942      4.1740709E-27
    1.153361      3.8567913E-26
    1.164895      7.7894376E-26
    1.176544      2.7531115E-26
    1.188309      1.0746521E-26
    1.200192      1.7112688E-26
    1.212194      2.0079480E-26
    1.224316      8.0931232E-27
    1.236560      9.7422796E-28
    1.248925      2.3268348E-27
    1.261414      2.3712667E-27
    1.274028      2.2724179E-27
    1.286769      1.0994281E-26
    1.299636      1.4518414E-26
    1.312633      1.7741198E-26
    1.325759      2.2405262E-26
    1.339017      1.9253322E-26
    1.352407      4.2750075E-26
    1.365931      3.0189973E-26
    1.379590      4.4955272E-26
    1.393386      6.0318374E-26
    1.407320      3.1614761E-26
    1.421393      1.2173912E-26
    1.435607      1.7831239E-26
    1.449963      1.7291297E-26
    1.464463      3.3948336E-26
    1.479108      9.4497347E-26
    1.493899      2.1972210E-25
    1.508838      2.1328789E-25
    1.523926      9.6850389E-26
    1.539165      2.9077571E-26
    1.554557      6.8268005E-27
    1.570102      4.0444491E-27
    1.585803      1.7119212E-27
    1.601662      1.3276504E-27
    1.617678      1.2761936E-26
    1.633855      1.6323997E-25
    1.650193      1.6053470E-25
    1.666695      1.0949858E-25
    1.683362      8.8299445E-26
    1.700196      1.6503019E-25
    1.717198      1.4112360E-25
    1.734370      5.2818042E-26
    1.751714      2.4258539E-26
    1.769231      7.7437897E-26
    1.786923      8.3267698E-26
    1.804792      3.3279827E-26
    1.822840      1.3022251E-26
    1.841069      9.1995583E-27
    1.859479      3.7170892E-27
    1.878074      2.4878408E-27
    1.896855      8.0405100E-27
    1.915823      3.7407343E-26
    1.934982      2.2085184E-25
    1.954331      5.1320194E-25
    1.973875      4.4817828E-25
    1.993613      3.3397989E-25
    2.013550      8.7845277E-26
    2.033685      1.8460827E-26
    2.054022      6.2525358E-27
    2.074562      1.3979152E-27
    2.095308      3.0482590E-28
    2.116261      1.9954346E-27
    2.137423      1.6682947E-26
    2.158798      9.8475171E-26
    2.180386      1.2974172E-25
    2.202190      4.2835693E-25
    2.224211      8.0300108E-25
    2.246454      1.1451710E-24
    2.268918      1.6110583E-24
    2.291607      1.6573061E-24
    2.314523      1.1137261E-24
    2.337669      1.5266758E-24
    2.361045      1.8656807E-24
    2.384656      5.6529300E-25
    2.408502      1.6249254E-25
    2.432587      6.9734150E-26
    2.456913      2.6957124E-26
    2.481482      2.2559148E-26
    2.506297      2.9981965E-26
    2.531360      2.7002170E-26
    2.556674      1.6239342E-25
    2.582240      1.1826059E-25
    2.608063      2.2046685E-26
    2.634143      3.0997848E-27
    2.660485      1.2148331E-27
    2.687090      5.4247241E-28
    2.713961      4.5525432E-28
    2.741100      8.1609079E-28
    2.768511      6.0241988E-27
    2.796196      5.1853350E-26
    2.824158      2.2949749E-25
    2.852400      3.8353334E-25
    2.880924      6.4196128E-25
    2.909733      7.5415018E-25
    2.938830      6.6008310E-25
    2.968219      5.1165335E-25
    2.997901      2.9199591E-25
    3.027880      3.2124550E-25
    3.058159      2.6651031E-25
    3.088740      2.8916024E-25
    3.119628      1.5671419E-25
    3.150824      5.5549344E-25
    3.182332      6.5932640E-24
    3.214156      2.5005571E-23
    3.246297      3.5218469E-23
    3.278760      1.6134770E-23
    3.311548      9.9969643E-24
    3.344663      1.8281195E-23
    3.378110      1.0421758E-23
    3.411891      3.0276215E-24
    3.446010      9.9101542E-25
    3.480470      6.4734010E-25
    3.515275      1.2651674E-24
    3.550427      6.5548226E-25
    3.585932      4.1466903E-25
    3.621791      3.3233591E-25
    3.658009      1.6354835E-25
    3.694589      2.0687492E-25
    3.731535      1.3284195E-25
    3.768850      1.0766838E-25
    3.806539      1.0538477E-25
    3.844604      1.1304157E-25
    3.883050      9.7393169E-26
    3.921881      6.7798591E-26
    3.961099      5.8548807E-26
    4.000710      4.8450697E-26
    4.040718      3.2969819E-26
    4.081125      1.9540892E-26
    4.121936      6.9288532E-27
    4.163155      5.5532659E-27
    4.204787      1.0911598E-26
    4.246835      4.9424517E-27
    4.289303      2.4203902E-27
    4.332196      4.0645594E-27
    4.375518      1.7632646E-27
    4.419273      1.2787856E-27
    4.463466      4.3835354E-28
    4.508101      2.2648799E-28
    4.553182      7.2678432E-29
    4.598714      2.4487169E-29
    4.644701      1.0404399E-29
    4.691148      8.4761738E-30
    4.738059      1.2911969E-29
    4.785440      2.9696075E-29
    4.833294      5.9143140E-29
    4.881627      8.0975400E-29
    4.930443      1.1037241E-28
    4.979748      5.4909333E-29
    5.029545      3.1361374E-29
    5.079841      9.6407287E-29
    5.130639      2.2417088E-28
    5.181946      7.3992602E-28
    5.233765      5.8769654E-28
    5.286103      9.2690159E-27
    5.338964      5.9774639E-27
    5.392353      1.1648398E-26
    5.446277      2.0689253E-26
    5.500740      6.3566188E-26
    5.555747      1.5967696E-25
    5.611304      2.5699042E-25
    5.667418      6.2508286E-25
    5.724092      1.3926313E-24
    5.781333      1.4060657E-24
    5.839146      1.5396869E-24
    5.897537      2.4034944E-24
    5.956513      1.2402009E-24
    6.016078      8.8979911E-25
    6.076239      2.4571398E-24
    6.137001      6.5250264E-24
    6.198371      1.1684752E-24
    6.260355      1.3793048E-24
    6.322958      1.6960187E-24
    6.386188      2.2363616E-24
    6.450050      2.0243826E-24
    6.514550      1.3322883E-24
    6.579696      9.0206355E-25
    6.645493      5.4877326E-25
    6.711948      3.3851316E-25
    6.779067      2.2030070E-25
    6.846858      1.5799278E-25
    6.915326      9.3301556E-26
    6.984480      5.8219612E-26
    7.054324      4.1880605E-26
    7.124868      5.4028703E-26
    7.196116      2.7309899E-25
    7.268078      1.8315870E-24
    7.340758      9.7137515E-24
    7.414166      2.5573327E-23
    7.488308      2.5971367E-23
    7.563191      1.2314236E-23
    7.638823      6.0671942E-23
    7.715211      1.4724002E-23
    7.792363      1.1936397E-23
    7.870286      1.0598120E-23
    7.948989      4.4333669E-24
    8.028479      1.7204038E-24
    8.108764      5.4529869E-25
    8.189852      2.1638543E-25
    8.271750      7.9300514E-26
    8.354468      6.0425899E-26
    8.438012      2.0951750E-25
    8.522393      9.9890658E-26
    8.607616      3.2030549E-25
    8.693693      1.0210373E-24
    8.780630      4.6132277E-25
    8.868436      3.1306864E-24
    8.957120      1.2921577E-24
    9.046691      2.1144854E-24
    9.137158      9.0531878E-24
    9.228530      4.9230258E-24
    9.320815      1.1357614E-23
    9.414023      6.9463998E-24
    9.508164      1.8521606E-23
    9.603245      1.4928354E-23
    9.699278      7.2081791E-24
    9.796270      1.1909941E-23
    9.894233      5.9776909E-24
    9.993175      1.6669722E-23
   10.093107      1.9739489E-24
   10.194038      2.5501326E-24
   10.295979      5.4754006E-23
   10.398938      5.0796002E-24
   10.502928      9.3640746E-24
   10.607957      3.9846589E-24
   10.714037      5.8783174E-23
   10.821177      4.8734762E-24
   10.929389      3.7998224E-24
   11.038683      1.5151575E-24
   11.149070      9.1007678E-24
   11.260560      2.8222182E-24
   11.373166      1.7198056E-24
   11.486898      7.1231740E-24
   11.601766      1.4804799E-24
   11.717784      6.8936536E-24
   11.834962      7.8760536E-25
   11.953312      4.5755344E-24
   12.072845      1.8443838E-24
   12.193573      2.8164569E-24
   12.315509      1.2863788E-24
   12.438664      4.3338789E-25
   12.563051      7.0504075E-25
   12.688681      4.2598297E-25
   12.815568      4.4403622E-25
   12.943724      3.1298340E-25
   13.073161      1.8106542E-25
   13.203892      1.3482591E-25
   13.335931      1.1683148E-25
   13.469291      6.5482191E-26
   13.603984      4.6744005E-26
   13.740023      5.0747861E-26
   13.877424      2.0413032E-26
   14.016198      3.6876584E-26
   14.156360      1.3440824E-26
   14.297924      1.2458606E-26
   14.440903      2.7901066E-26
   14.585312      5.5033456E-27
   14.731165      4.8713564E-27
   14.878477      1.0564097E-26
   15.027261      2.6424486E-27
   15.177534      3.8319502E-27
   15.329309      1.8141430E-26
   15.482602      1.0495715E-26
   15.637428      2.5215190E-26
   15.793803      1.2122711E-25
   15.951741      6.5749349E-26
   16.111258      1.8809542E-26
   16.272371      7.7520750E-27
   16.435094      3.3726681E-27
   16.599445      2.0075224E-27
   16.765440      6.0279905E-27
   16.933094      7.9968824E-27
   17.102425      1.7970716E-27
   17.273449      2.4511207E-27
   17.446184      1.3954659E-26
   17.620646      2.0221020E-27
   17.796852      3.8120393E-27
   17.974821      2.6594727E-26
   18.154569      9.7263365E-27
   18.336115      2.2287531E-27
   18.519476      7.0788894E-27
   18.704670      1.0049876E-26
   18.891717      3.2392724E-27
   19.080634      8.7629537E-27
   19.271441      6.7046252E-27
   19.464155      3.8187509E-27
   19.658797      3.7594732E-27
   19.855385      5.6455269E-27
   20.053938      2.5682480E-27
   20.254478      3.2344703E-27
   20.457023      3.2209286E-27
   20.661593      1.3781747E-27
   20.868209      9.6182597E-28
   21.076891      8.8726008E-28
   21.287660      1.1425518E-27
   21.500536      1.0796344E-27
   21.715542      4.7855650E-28
   21.932697      7.0125638E-28
   22.152024      2.9967220E-28
   22.373544      4.2004896E-28
   22.597280      6.1374921E-28
   22.823253      2.6281770E-28
   23.051485      3.3284502E-28
   23.282000      3.6012961E-28
   23.514820      6.8855854E-28
   23.749968      7.2378364E-28
   23.987468      3.0025405E-28
   24.227343      6.0436705E-28
   24.469616      5.7054263E-28
   24.714312      6.4195432E-28
   24.961455      5.5996052E-28
   25.211070      5.4206123E-28
   25.463180      5.6938873E-28
   25.717812      1.1705982E-27
   25.974990      7.4807428E-28
   26.234740      1.0720907E-27
   26.497088      9.1677094E-28
   26.762059      8.9277463E-28
   27.029679      4.2708294E-28
   27.299976      5.0679437E-28
   27.572976      9.1480602E-28
   27.848705      1.4787471E-27
   28.127193      1.0783107E-27
   28.408464      1.1349887E-27
   28.692549      7.2649052E-28
   28.979475      8.5389349E-28
   29.269269      1.2770342E-27
   29.561962      1.3742350E-27
   29.857582      3.7706265E-27
