# Pressure:     3.000E+02 Ba
# Temperature:    725.000 K
#  lambda [mu]   kappa [cm^2/mol]
    0.500000      3.5930825E-29
    0.505000      2.8952179E-29
    0.510050      1.6040533E-29
    0.515150      3.7007883E-30
    0.520302      2.5744506E-30
    0.525505      2.1634220E-30
    0.530760      1.3819385E-30
    0.536068      1.0777826E-29
    0.541428      1.6240407E-29
    0.546843      1.1650876E-29
    0.552311      3.8808488E-30
    0.557834      2.1235551E-30
    0.563413      1.8410156E-29
    0.569047      2.2140660E-29
    0.574737      2.3485287E-29
    0.580484      2.4291771E-29
    0.586289      2.7897172E-28
    0.592152      2.0713436E-28
    0.598074      1.1071127E-28
    0.604054      3.0994104E-29
    0.610095      7.2615895E-30
    0.616196      3.2619320E-30
    0.622358      3.1354699E-29
    0.628582      2.4177757E-29
    0.634867      3.1508752E-29
    0.641216      1.4990871E-28
    0.647628      1.3156363E-28
    0.654104      1.3828379E-28
    0.660645      5.6119589E-29
    0.667252      1.4888890E-29
    0.673924      8.9202210E-30
    0.680664      1.5568550E-29
    0.687470      4.4042268E-28
    0.694345      2.3570895E-28
    0.701288      3.2234444E-28
    0.708301      3.9205680E-28
    0.715384      2.1071612E-27
    0.722538      1.8672223E-27
    0.729764      1.2330368E-27
    0.737061      5.2630839E-28
    0.744432      1.7588153E-28
    0.751876      5.4516811E-29
    0.759395      2.2497856E-29
    0.766989      1.2912290E-29
    0.774659      3.9544543E-29
    0.782405      2.4084666E-28
    0.790229      2.0496410E-28
    0.798132      3.1411680E-28
    0.806113      2.3720938E-27
    0.814174      1.9198036E-27
    0.822316      1.7162078E-27
    0.830539      1.9620088E-27
    0.838844      1.1357579E-27
    0.847233      8.5098199E-28
    0.855705      7.5825443E-28
    0.864262      1.0466267E-27
    0.872905      1.4486784E-27
    0.881634      4.7451348E-27
    0.890450      1.3010720E-26
    0.899355      7.3998318E-27
    0.908348      6.9144848E-27
    0.917432      7.0178804E-27
    0.926606      4.8337279E-26
    0.935872      2.4602873E-26
    0.945231      5.0806366E-26
    0.954683      2.8119116E-26
    0.964230      1.3372498E-26
    0.973872      9.6343135E-27
    0.983611      6.8230301E-27
    0.993447      5.8602676E-27
    1.003382      6.3629049E-27
    1.013416      1.0411045E-26
    1.023550      8.4854369E-27
    1.033785      7.5545343E-27
    1.044123      4.6548217E-27
    1.054564      2.6063952E-27
    1.065110      2.3752004E-27
    1.075761      2.2696412E-27
    1.086519      4.0120953E-27
    1.097384      1.5778578E-26
    1.108358      6.5025525E-26
    1.119441      6.4284801E-26
    1.130636      7.7318533E-26
    1.141942      5.6810359E-26
    1.153361      7.9047488E-26
    1.164895      6.8685013E-26
    1.176544      3.6896499E-26
    1.188309      2.6815625E-26
    1.200192      1.9262940E-26
    1.212194      1.6195131E-26
    1.224316      1.0934017E-26
    1.236560      7.0708590E-27
    1.248925      5.2690017E-27
    1.261414      3.8331343E-27
    1.274028      9.7889462E-27
    1.286769      1.5871652E-26
    1.299636      2.1799047E-26
    1.312633      2.8025814E-26
    1.325759      2.1018931E-25
    1.339017      7.2839849E-25
    1.352407      1.2427581E-24
    1.365931      5.3730514E-25
    1.379590      9.8698500E-25
    1.393386      8.0816783E-25
    1.407320      7.6968779E-25
    1.421393      5.2670670E-25
    1.435607      3.1120145E-25
    1.449963      1.6403420E-25
    1.464463      1.9407295E-25
    1.479108      1.9575764E-25
    1.493899      1.4244402E-25
    1.508838      1.5815859E-25
    1.523926      1.0801056E-25
    1.539165      7.8260660E-26
    1.554557      4.6101458E-26
    1.570102      2.3855037E-26
    1.585803      1.7519554E-26
    1.601662      3.9461864E-26
    1.617678      1.2026300E-25
    1.633855      1.5626498E-25
    1.650193      1.1807653E-25
    1.666695      1.5526294E-25
    1.683362      1.4720156E-25
    1.700196      1.3091211E-25
    1.717198      1.1140029E-25
    1.734370      1.1824544E-25
    1.751714      1.7452900E-25
    1.769231      3.4674366E-25
    1.786923      7.6207266E-25
    1.804792      1.3009283E-24
    1.822840      1.4442117E-24
    1.841069      1.1869556E-24
    1.859479      1.7599380E-24
    1.878074      5.5388984E-25
    1.896855      1.1241217E-24
    1.915823      1.3395848E-24
    1.934982      1.1071620E-24
    1.954331      7.3671172E-25
    1.973875      4.7337213E-25
    1.993613      3.2047161E-25
    2.013550      2.6869647E-25
    2.033685      1.5768159E-25
    2.054022      7.7352899E-26
    2.074562      4.2698742E-26
    2.095308      3.3902531E-26
    2.116261      4.6943086E-26
    2.137423      9.3789053E-26
    2.158798      1.9815262E-25
    2.180386      5.0108343E-25
    2.202190      7.1814915E-25
    2.224211      8.6140349E-25
    2.246454      1.1626781E-24
    2.268918      1.2463231E-24
    2.291607      1.0907872E-24
    2.314523      1.4906358E-24
    2.337669      1.4632246E-24
    2.361045      1.5049253E-24
    2.384656      1.0063298E-24
    2.408502      8.1152649E-25
    2.432587      7.9422512E-25
    2.456913      1.2336856E-24
    2.481482      2.8008061E-24
    2.506297      6.0706597E-24
    2.531360      9.9295564E-24
    2.556674      1.2331528E-23
    2.582240      1.1036320E-23
    2.608063      5.6869853E-24
    2.634143      6.7369735E-24
    2.660485      1.7108695E-23
    2.687090      9.3441962E-24
    2.713961      9.8538897E-24
    2.741100      1.2621524E-23
    2.768511      1.0615279E-23
    2.796196      9.0301504E-24
    2.824158      7.2717353E-24
    2.852400      4.8351195E-24
    2.880924      3.5694898E-24
    2.909733      2.3830850E-24
    2.938830      1.6689080E-24
    2.968219      1.7536410E-24
    2.997901      1.4779352E-24
    3.027880      1.0525157E-24
    3.058159      1.5385608E-24
    3.088740      3.4643291E-24
    3.119628      7.6388068E-24
    3.150824      1.4190944E-23
    3.182332      1.8563905E-23
    3.214156      1.6226072E-23
    3.246297      8.2559262E-24
    3.278760      2.3537047E-23
    3.311548      3.3544905E-23
    3.344663      8.9256065E-24
    3.378110      1.0384292E-23
    3.411891      1.0271357E-23
    3.446010      8.1250994E-24
    3.480470      5.2685203E-24
    3.515275      3.3107682E-24
    3.550427      1.9333438E-24
    3.585932      1.1452395E-24
    3.621791      7.0268618E-25
    3.658009      5.1137579E-25
    3.694589      4.2303237E-25
    3.731535      3.5812546E-25
    3.768850      3.1879212E-25
    3.806539      2.4987870E-25
    3.844604      2.2187758E-25
    3.883050      1.8924750E-25
    3.921881      1.8717936E-25
    3.961099      1.5757579E-25
    4.000710      1.3273903E-25
    4.040718      1.2752358E-25
    4.081125      1.2755398E-25
    4.121936      1.2778195E-25
    4.163155      1.3341446E-25
    4.204787      1.3492356E-25
    4.246835      1.4967423E-25
    4.289303      2.0566414E-25
    4.332196      1.8416238E-25
    4.375518      1.7825348E-25
    4.419273      1.7336227E-25
    4.463466      1.7478105E-25
    4.508101      1.9986637E-25
    4.553182      1.8257518E-25
    4.598714      2.6334128E-25
    4.644701      3.6454210E-25
    4.691148      3.5816696E-25
    4.738059      4.1001952E-25
    4.785440      4.9974542E-25
    4.833294      5.4391385E-25
    4.881627      7.2423434E-25
    4.930443      1.1146333E-24
    4.979748      1.4616190E-24
    5.029545      1.1811940E-24
    5.079841      1.4955866E-24
    5.130639      2.4688382E-24
    5.181946      3.4551084E-24
    5.233765      3.1825236E-24
    5.286103      3.7270780E-24
    5.338964      5.3247457E-24
    5.392353      7.4080263E-24
    5.446277      7.7227836E-24
    5.500740      9.3421426E-24
    5.555747      1.1533046E-23
    5.611304      1.3021949E-23
    5.667418      1.4853334E-23
    5.724092      1.5426509E-23
    5.781333      1.5201635E-23
    5.839146      1.6327583E-23
    5.897537      1.4807194E-23
    5.956513      1.1120672E-23
    6.016078      1.2817683E-23
    6.076239      1.0151099E-23
    6.137001      7.8440123E-24
    6.198371      4.8539564E-24
    6.260355      4.6575958E-24
    6.322958      1.0317794E-23
    6.386188      2.0262714E-23
    6.450050      2.5033834E-23
    6.514550      2.8032411E-23
    6.579696      3.1388242E-23
    6.645493      2.1155500E-23
    6.711948      1.6764834E-23
    6.779067      1.7001201E-23
    6.846858      1.5198082E-23
    6.915326      1.5466656E-23
    6.984480      1.5927203E-23
    7.054324      1.4083845E-23
    7.124868      1.8031208E-23
    7.196116      1.9367393E-23
    7.268078      2.2145474E-23
    7.340758      2.0905142E-23
    7.414166      2.2096488E-23
    7.488308      1.7111814E-23
    7.563191      2.0298609E-23
    7.638823      2.4689475E-23
    7.715211      2.2333859E-23
    7.792363      1.6842610E-23
    7.870286      1.2889087E-23
    7.948989      1.1427976E-23
    8.028479      1.0173453E-23
    8.108764      9.3008747E-24
    8.189852      7.8992894E-24
    8.271750      6.8641149E-24
    8.354468      5.9295441E-24
    8.438012      5.8384703E-24
    8.522393      4.9476908E-24
    8.607616      5.2119929E-24
    8.693693      5.0466876E-24
    8.780630      4.7436684E-24
    8.868436      5.2560332E-24
    8.957120      4.8709775E-24
    9.046691      4.9725478E-24
    9.137158      4.7399948E-24
    9.228530      4.6988154E-24
    9.320815      4.2881222E-24
    9.414023      3.8961589E-24
    9.508164      3.3502631E-24
    9.603245      3.2211084E-24
    9.699278      2.2987745E-24
    9.796270      2.2693916E-24
    9.894233      1.5926640E-24
    9.993175      1.6126448E-24
   10.093107      4.2743625E-24
   10.194038      6.4768540E-24
   10.295979      1.0973207E-23
   10.398938      1.2300948E-23
   10.502928      1.2397696E-23
   10.607957      1.1561088E-23
   10.714037      1.2109476E-23
   10.821177      9.9119515E-24
   10.929389      8.2490754E-24
   11.038683      4.4291894E-24
   11.149070      3.3250822E-24
   11.260560      2.6484923E-24
   11.373166      2.5677383E-24
   11.486898      2.9662559E-24
   11.601766      3.0499716E-24
   11.717784      3.4089026E-24
   11.834962      3.0022392E-24
   11.953312      3.4130253E-24
   12.072845      3.3613119E-24
   12.193573      3.5121737E-24
   12.315509      4.1667298E-24
   12.438664      3.8234099E-24
   12.563051      3.6937561E-24
   12.688681      3.5617684E-24
   12.815568      3.4429601E-24
   12.943724      3.5826192E-24
   13.073161      3.4586413E-24
   13.203892      3.7980107E-24
   13.335931      3.9928707E-24
   13.469291      3.4922887E-24
   13.603984      3.3212946E-24
   13.740023      3.1577946E-24
   13.877424      3.1806259E-24
   14.016198      3.4344470E-24
   14.156360      3.9612943E-24
   14.297924      4.0095788E-24
   14.440903      4.0721132E-24
   14.585312      3.4672041E-24
   14.731165      3.9492651E-24
   14.878477      3.9365738E-24
   15.027261      3.8968220E-24
   15.177534      4.0801776E-24
   15.329309      5.5196565E-24
   15.482602      6.5397807E-24
   15.637428      7.8392582E-24
   15.793803      7.2446120E-24
   15.951741      8.4047071E-24
   16.111258      8.2658244E-24
   16.272371      8.3998098E-24
   16.435094      8.4121354E-24
   16.599445      9.4548690E-24
   16.765440      8.4653731E-24
   16.933094      1.0173463E-23
   17.102425      1.0858834E-23
   17.273449      1.3002329E-23
   17.446184      9.8142252E-24
   17.620646      1.1661125E-23
   17.796852      1.2352130E-23
   17.974821      1.5085324E-23
   18.154569      1.2712766E-23
   18.336115      1.5403515E-23
   18.519476      1.7675625E-23
   18.704670      1.5966130E-23
   18.891717      2.0413705E-23
   19.080634      2.0337476E-23
   19.271441      3.0693521E-23
   19.464155      2.7603729E-23
   19.658797      2.6291051E-23
   19.855385      2.6937009E-23
   20.053938      2.6002417E-23
   20.254478      2.9873540E-23
   20.457023      3.1466734E-23
   20.661593      2.7784524E-23
   20.868209      4.0763458E-23
   21.076891      3.5440375E-23
   21.287660      3.7951723E-23
   21.500536      4.4737935E-23
   21.715542      3.4562725E-23
   21.932697      3.3490963E-23
   22.152024      4.3895460E-23
   22.373544      5.1766164E-23
   22.597280      4.9242697E-23
   22.823253      5.3640863E-23
   23.051485      3.8435394E-23
   23.282000      5.0218846E-23
   23.514820      6.9659315E-23
   23.749968      6.8008754E-23
   23.987468      4.4762173E-23
   24.227343      4.0503183E-23
   24.469616      4.5907962E-23
   24.714312      6.7963827E-23
   24.961455      8.8504370E-23
   25.211070      8.1900166E-23
   25.463180      5.3089114E-23
   25.717812      4.9016889E-23
   25.974990      5.5159006E-23
   26.234740      7.9051619E-23
   26.497088      1.0039088E-22
   26.762059      6.9767327E-23
   27.029679      5.6920421E-23
   27.299976      5.8557009E-23
   27.572976      7.1924558E-23
   27.848705      9.3656074E-23
   28.127193      1.2138868E-22
   28.408464      1.1518660E-22
   28.692549      7.8875986E-23
   28.979475      6.9878420E-23
   29.269269      7.0544146E-23
   29.561962      6.9414940E-23
   29.857582      7.3487238E-23
