# Pressure:     1.000E-02 Ba
# Temperature:    400.000 K
#  lambda [mu]   kappa [cm^2/mol]
    0.500000      4.6401267E-29
    0.505000      3.4616288E-29
    0.510050      9.2031976E-30
    0.515150      7.2925640E-31
    0.520302      2.4130935E-30
    0.525505      2.7270422E-30
    0.530760      1.0654291E-30
    0.536068      9.7860194E-30
    0.541428      2.2504551E-29
    0.546843      8.4016003E-30
    0.552311      1.0427412E-30
    0.557834      1.3627073E-30
    0.563413      1.5922042E-29
    0.569047      2.9620977E-29
    0.574737      2.1723877E-29
    0.580484      1.5421844E-29
    0.586289      3.2100780E-28
    0.592152      2.2096223E-28
    0.598074      6.2494211E-29
    0.604054      5.2565459E-30
    0.610095      5.4467308E-31
    0.616196      2.9177476E-31
    0.622358      2.5989390E-29
    0.628582      2.2933110E-29
    0.634867      2.5363821E-29
    0.641216      1.1642662E-28
    0.647628      1.4841324E-28
    0.654104      1.1472802E-28
    0.660645      2.0707254E-29
    0.667252      2.1149410E-30
    0.673924      2.3486278E-30
    0.680664      1.4449037E-29
    0.687470      3.2777605E-28
    0.694345      3.1129213E-28
    0.701288      3.0129830E-28
    0.708301      2.3414398E-28
    0.715384      2.5685839E-27
    0.722538      2.3094852E-27
    0.729764      7.5690133E-28
    0.737061      1.9445184E-28
    0.744432      2.6550743E-29
    0.751876      4.9728927E-30
    0.759395      1.3908857E-30
    0.766989      9.8052464E-31
    0.774659      7.3509496E-30
    0.782405      1.9973094E-28
    0.790229      1.6986151E-28
    0.798132      2.8013642E-28
    0.806113      1.4798885E-27
    0.814174      1.3422729E-27
    0.822316      1.3949084E-27
    0.830539      1.0899330E-27
    0.838844      4.4820715E-28
    0.847233      4.0123216E-28
    0.855705      3.8428333E-28
    0.864262      5.5120498E-28
    0.872905      8.8558172E-28
    0.881634      1.8868405E-27
    0.890450      1.5205191E-26
    0.899355      9.5254648E-27
    0.908348      6.8940613E-27
    0.917432      2.8805271E-27
    0.926606      5.3277213E-26
    0.935872      2.3947066E-26
    0.945231      3.9080658E-26
    0.954683      2.3185283E-26
    0.964230      6.5078144E-27
    0.973872      5.3595229E-27
    0.983611      4.6638989E-27
    0.993447      4.5222477E-27
    1.003382      4.7050087E-27
    1.013416      9.6048847E-27
    1.023550      1.1052890E-26
    1.033785      7.8870475E-27
    1.044123      3.5474485E-27
    1.054564      1.0699428E-27
    1.065110      1.3219346E-27
    1.075761      1.3975815E-27
    1.086519      2.0629908E-27
    1.097384      4.8762363E-27
    1.108358      4.0038070E-26
    1.119441      6.9826616E-26
    1.130636      8.7785507E-26
    1.141942      4.5004735E-26
    1.153361      7.5719314E-26
    1.164895      7.5595068E-26
    1.176544      3.7415510E-26
    1.188309      2.0247789E-26
    1.200192      1.6250093E-26
    1.212194      1.7296765E-26
    1.224316      9.3494864E-27
    1.236560      3.3497409E-27
    1.248925      3.3323036E-27
    1.261414      1.8216092E-27
    1.274028      5.1157936E-27
    1.286769      1.1431813E-26
    1.299636      1.6894629E-26
    1.312633      2.3497893E-26
    1.325759      5.6464545E-26
    1.339017      2.6511802E-25
    1.352407      1.0520997E-24
    1.365931      6.3463733E-25
    1.379590      9.9577457E-25
    1.393386      8.2487649E-25
    1.407320      5.2159336E-25
    1.421393      2.5763077E-25
    1.435607      1.7838359E-25
    1.449963      7.0130448E-26
    1.464463      1.1763756E-25
    1.479108      1.5608849E-25
    1.493899      1.5411271E-25
    1.508838      1.8041152E-25
    1.523926      9.5248600E-26
    1.539165      6.2310613E-26
    1.554557      2.2348278E-26
    1.570102      7.4953517E-27
    1.585803      4.6399538E-27
    1.601662      8.0631880E-27
    1.617678      6.0243448E-26
    1.633855      1.3450706E-25
    1.650193      9.7923844E-26
    1.666695      1.0727664E-25
    1.683362      1.2910975E-25
    1.700196      1.3980343E-25
    1.717198      1.0963183E-25
    1.734370      9.0585210E-26
    1.751714      7.0499447E-26
    1.769231      1.1588884E-25
    1.786923      2.4918792E-25
    1.804792      6.1914306E-25
    1.822840      1.0045729E-24
    1.841069      1.1058751E-24
    1.859479      1.6790013E-24
    1.878074      3.8537987E-25
    1.896855      8.3063100E-25
    1.915823      7.2417585E-25
    1.934982      4.9804992E-25
    1.954331      3.8047036E-25
    1.973875      2.9435879E-25
    1.993613      2.7174680E-25
    2.013550      1.7798111E-25
    2.033685      6.5075923E-26
    2.054022      2.1647678E-26
    2.074562      9.2088940E-27
    2.095308      5.0793478E-27
    2.116261      1.3683261E-26
    2.137423      3.8355999E-26
    2.158798      1.0617968E-25
    2.180386      2.5432368E-25
    2.202190      4.5394195E-25
    2.224211      8.5762390E-25
    2.246454      1.3847856E-24
    2.268918      1.3527983E-24
    2.291607      1.2325843E-24
    2.314523      1.2971731E-24
    2.337669      1.5669405E-24
    2.361045      1.7729383E-24
    2.384656      7.2751445E-25
    2.408502      4.8367357E-25
    2.432587      2.9951221E-25
    2.456913      2.3327670E-25
    2.481482      4.2972412E-25
    2.506297      1.4637600E-24
    2.531360      2.8712850E-24
    2.556674      9.2501759E-24
    2.582240      1.1377898E-23
    2.608063      6.4579986E-24
    2.634143      3.7191139E-24
    2.660485      1.1475760E-23
    2.687090      5.4170564E-24
    2.713961      6.2754205E-24
    2.741100      9.3837166E-24
    2.768511      4.3725348E-24
    2.796196      2.7239916E-24
    2.824158      2.3311562E-24
    2.852400      1.2959722E-24
    2.880924      1.2018126E-24
    2.909733      8.1792630E-25
    2.938830      7.8389235E-25
    2.968219      4.5657502E-25
    2.997901      5.8425231E-25
    3.027880      4.8404706E-25
    3.058159      3.8802437E-25
    3.088740      6.5501978E-25
    3.119628      1.0198704E-24
    3.150824      3.2609680E-24
    3.182332      1.0773575E-23
    3.214156      1.0737438E-23
    3.246297      8.7220554E-24
    3.278760      5.1568425E-24
    3.311548      1.4712175E-23
    3.344663      5.9692526E-24
    3.378110      8.0062805E-24
    3.411891      5.9659687E-24
    3.446010      3.3681511E-24
    3.480470      1.3084377E-24
    3.515275      1.4334633E-24
    3.550427      7.2246266E-25
    3.585932      5.8289315E-25
    3.621791      3.7046591E-25
    3.658009      2.7748751E-25
    3.694589      3.3924427E-25
    3.731535      1.7528774E-25
    3.768850      1.8292316E-25
    3.806539      9.0200610E-26
    3.844604      1.7311286E-25
    3.883050      9.8528458E-26
    3.921881      9.1387268E-26
    3.961099      8.3249840E-26
    4.000710      6.6064984E-26
    4.040718      5.9477724E-26
    4.081125      3.6902511E-26
    4.121936      2.6427381E-26
    4.163155      1.9604156E-26
    4.204787      2.8231388E-26
    4.246835      1.9223975E-26
    4.289303      1.4848259E-26
    4.332196      1.5035381E-26
    4.375518      1.4996317E-26
    4.419273      1.6941712E-26
    4.463466      1.2192087E-26
    4.508101      3.0291431E-26
    4.553182      1.6721436E-26
    4.598714      2.6523640E-26
    4.644701      5.9805149E-26
    4.691148      6.5499086E-26
    4.738059      1.8971215E-26
    4.785440      3.5730333E-26
    4.833294      2.7691603E-26
    4.881627      1.1830792E-25
    4.930443      2.4910681E-25
    4.979748      4.5591485E-25
    5.029545      3.3058391E-26
    5.079841      1.8683468E-25
    5.130639      6.8696032E-25
    5.181946      1.4820431E-24
    5.233765      7.4431614E-25
    5.286103      2.4928002E-25
    5.338964      7.0961470E-25
    5.392353      5.7043309E-24
    5.446277      1.9333951E-24
    5.500740      2.8420327E-24
    5.555747      5.3628584E-24
    5.611304      7.4323294E-24
    5.667418      9.7624532E-24
    5.724092      1.3763927E-23
    5.781333      1.2183790E-23
    5.839146      2.1488579E-23
    5.897537      1.3943137E-23
    5.956513      7.3042175E-24
    6.016078      1.9855514E-23
    6.076239      8.5884826E-24
    6.137001      9.0431021E-24
    6.198371      1.8340121E-24
    6.260355      9.8227625E-25
    6.322958      4.4996240E-24
    6.386188      1.8182910E-23
    6.450050      1.9118429E-23
    6.514550      1.8147767E-23
    6.579696      3.1243176E-23
    6.645493      9.8243670E-24
    6.711948      4.4347129E-24
    6.779067      5.8601250E-24
    6.846858      4.2336211E-24
    6.915326      7.5816839E-24
    6.984480      9.5207104E-24
    7.054324      2.3874078E-24
    7.124868      4.5483936E-24
    7.196116      3.9658023E-24
    7.268078      8.3013173E-24
    7.340758      1.0580306E-23
    7.414166      1.4812506E-23
    7.488308      7.8847614E-24
    7.563191      3.9704359E-24
    7.638823      6.4889888E-23
    7.715211      1.0018597E-23
    7.792363      5.7326833E-24
    7.870286      7.8050548E-24
    7.948989      6.0626383E-24
    8.028479      5.0702957E-24
    8.108764      3.3402879E-24
    8.189852      3.0140756E-24
    8.271750      1.1642060E-24
    8.354468      1.1126966E-24
    8.438012      1.8003691E-24
    8.522393      4.2944861E-25
    8.607616      1.2645038E-24
    8.693693      2.2704939E-24
    8.780630      1.0630985E-24
    8.868436      4.3960518E-24
    8.957120      9.9799925E-25
    9.046691      1.9416398E-24
    9.137158      4.2089862E-24
    9.228530      3.6452471E-24
    9.320815      2.4043959E-24
    9.414023      2.9494371E-24
    9.508164      2.5911650E-24
    9.603245      4.2913243E-24
    9.699278      1.2144697E-24
    9.796270      2.3083985E-24
    9.894233      1.1072697E-25
    9.993175      3.4760676E-24
   10.093107      1.6540395E-26
   10.194038      4.0853880E-26
   10.295979      3.0765892E-23
   10.398938      7.5998122E-24
   10.502928      4.6103733E-24
   10.607957      1.9654431E-24
   10.714037      4.1183985E-23
   10.821177      5.9309953E-24
   10.929389      1.7876583E-24
   11.038683      6.3900588E-25
   11.149070      1.8187251E-24
   11.260560      2.8500558E-25
   11.373166      1.5729697E-25
   11.486898      4.3780924E-24
   11.601766      1.5140563E-25
   11.717784      3.6475632E-24
   11.834962      3.2191161E-25
   11.953312      3.1587853E-24
   12.072845      3.6318952E-24
   12.193573      2.8600225E-24
   12.315509      2.3329091E-24
   12.438664      7.9175651E-25
   12.563051      1.1019916E-24
   12.688681      1.4315844E-24
   12.815568      1.5266811E-24
   12.943724      1.0138654E-24
   13.073161      8.2130553E-25
   13.203892      8.7643458E-25
   13.335931      1.2683731E-24
   13.469291      4.8522762E-25
   13.603984      5.0341189E-25
   13.740023      6.9502818E-25
   13.877424      3.4182435E-25
   14.016198      8.3006354E-25
   14.156360      4.6916907E-25
   14.297924      3.6339070E-25
   14.440903      7.3184837E-25
   14.585312      1.9247465E-25
   14.731165      1.8297454E-25
   14.878477      3.5608483E-25
   15.027261      4.0166713E-25
   15.177534      1.9956092E-25
   15.329309      4.0992308E-25
   15.482602      7.1495530E-25
   15.637428      1.2125933E-24
   15.793803      2.7098328E-24
   15.951741      1.3787353E-24
   16.111258      7.7011334E-25
   16.272371      3.7563691E-25
   16.435094      3.5851291E-25
   16.599445      7.1591797E-25
   16.765440      1.2550908E-24
   16.933094      6.4154016E-25
   17.102425      1.0685646E-24
   17.273449      1.3667287E-24
   17.446184      8.4585614E-25
   17.620646      2.9637796E-25
   17.796852      5.1548419E-25
   17.974821      6.9467707E-25
   18.154569      1.1524533E-24
   18.336115      6.3542078E-25
   18.519476      1.1314600E-24
   18.704670      1.8616688E-25
   18.891717      2.9280278E-24
   19.080634      2.7786715E-24
   19.271441      2.4484776E-24
   19.464155      1.7150963E-24
   19.658797      9.6413732E-25
   19.855385      8.4823211E-25
   20.053938      1.0150229E-24
   20.254478      7.8349023E-25
   20.457023      3.2371643E-24
   20.661593      1.2039523E-24
   20.868209      2.0841918E-24
   21.076891      2.8994371E-24
   21.287660      1.7691421E-25
   21.500536      4.9527005E-24
   21.715542      1.3040214E-23
   21.932697      4.0806181E-24
   22.152024      7.6670881E-24
   22.373544      7.8316391E-24
   22.597280      1.8504908E-25
   22.823253      2.6405069E-24
   23.051485      8.4488386E-25
   23.282000      8.2975094E-24
   23.514820      1.4794380E-23
   23.749968      2.2217449E-23
   23.987468      2.2335088E-25
   24.227343      3.0070466E-25
   24.469616      3.7618099E-25
   24.714312      1.0603665E-23
   24.961455      3.2457186E-23
   25.211070      3.0335994E-23
   25.463180      3.7763457E-25
   25.717812      7.4164677E-24
   25.974990      6.8889826E-25
   26.234740      9.6573543E-25
   26.497088      6.4995557E-23
   26.762059      9.9641521E-24
   27.029679      2.1985530E-25
   27.299976      4.5959122E-25
   27.572976      1.6567396E-23
   27.848705      1.2307799E-24
   28.127193      8.4873312E-23
   28.408464      7.4792947E-23
   28.692549      9.8297366E-25
   28.979475      5.6047478E-25
   29.269269      2.0368360E-24
   29.561962      2.8817783E-23
   29.857582      6.0533996E-25
