# Pressure:     1.000E+00 Ba
# Temperature:    140.000 K
#  lambda [mu]   kappa [cm^2/mol]
    0.500000      1.3659119E-31
    0.505000      1.3109623E-31
    0.510050      1.2582553E-31
    0.515150      1.2076975E-31
    0.520302      1.1591995E-31
    0.525505      1.3735509E-31
    0.530760      1.0691462E-31
    0.536068      1.0252262E-31
    0.541428      9.8414706E-32
    0.546843      9.4473472E-32
    0.552311      9.0692031E-32
    0.557834      8.7063786E-32
    0.563413      8.3582425E-32
    0.569047      8.0241897E-32
    0.574737      7.7036409E-32
    0.580484      7.3960413E-32
    0.586289      7.1008592E-32
    0.592152      6.8175853E-32
    0.598074      6.5457317E-32
    0.604054      6.2854480E-32
    0.610095      6.0344352E-32
    0.616196      5.7941151E-32
    0.622358      5.5634594E-32
    0.628582      6.4802502E-32
    0.634867      5.1295808E-32
    0.641216      2.0334689E-31
    0.647628      4.7298387E-32
    0.654104      1.3680580E-31
    0.660645      4.3615132E-32
    0.667252      4.1883425E-32
    0.673924      4.0221048E-32
    0.680664      3.8625193E-32
    0.687470      3.7093165E-32
    0.694345      3.5622382E-32
    0.701288      3.4210367E-32
    0.708301      3.2854746E-32
    0.715384      3.1553242E-32
    0.722538      3.0303670E-32
    0.729764      5.8549994E-32
    0.737061      2.7952033E-32
    0.744432      2.6846034E-32
    0.751876      2.5784090E-32
    0.759395      2.4764430E-32
    0.766989      2.3785354E-32
    0.774659      2.2845232E-32
    0.782405      2.1942498E-32
    0.790229      4.2782849E-32
    0.798132      2.2950959E-31
    0.806113      1.9443931E-32
    0.814174      1.8676347E-32
    0.822316      2.1182834E-30
    0.830539      8.7710610E-29
    0.838844      3.0429633E-28
    0.847233      2.5605978E-28
    0.855705      3.4648182E-28
    0.864262      4.5017755E-28
    0.872905      8.1973101E-28
    0.881634      1.2179016E-27
    0.890450      1.6614701E-26
    0.899355      7.7997595E-27
    0.908348      2.3931676E-28
    0.917432      2.2717902E-28
    0.926606      5.5937329E-28
    0.935872      2.4749793E-28
    0.945231      1.0303195E-28
    0.954683      1.6521217E-28
    0.964230      6.5668104E-28
    0.973872      1.1683769E-27
    0.983611      4.7998709E-27
    0.993447      4.6251486E-27
    1.003382      3.9620398E-27
    1.013416      8.0110152E-27
    1.023550      1.7988962E-26
    1.033785      7.8494576E-27
    1.044123      1.1730925E-27
    1.054564      5.9064086E-28
    1.065110      9.6078991E-28
    1.075761      1.3389681E-27
    1.086519      7.0715417E-28
    1.097384      7.0001297E-28
    1.108358      1.0161487E-27
    1.119441      1.2164001E-26
    1.130636      1.3673052E-26
    1.141942      3.7635560E-27
    1.153361      3.5496750E-26
    1.164895      8.7401708E-26
    1.176544      2.5684849E-26
    1.188309      9.7705695E-27
    1.200192      1.9478820E-26
    1.212194      2.2080420E-26
    1.224316      8.9522045E-27
    1.236560      7.7457865E-28
    1.248925      1.8953873E-27
    1.261414      2.8246121E-27
    1.274028      1.8481987E-27
    1.286769      1.1964675E-26
    1.299636      1.6675725E-26
    1.312633      1.7931459E-26
    1.325759      2.2780966E-26
    1.339017      1.8774045E-26
    1.352407      4.5691384E-26
    1.365931      3.1921945E-26
    1.379590      4.3074318E-26
    1.393386      6.6867032E-26
    1.407320      3.3443734E-26
    1.421393      1.0238430E-26
    1.435607      1.6164468E-26
    1.449963      1.9982137E-26
    1.464463      3.3883178E-26
    1.479108      9.3013463E-26
    1.493899      2.4366573E-25
    1.508838      2.2791416E-25
    1.523926      8.8834522E-26
    1.539165      1.9122932E-26
    1.554557      6.1965673E-27
    1.570102      4.2888792E-27
    1.585803      1.5796748E-27
    1.601662      8.5102776E-28
    1.617678      7.9903930E-27
    1.633855      1.4445113E-25
    1.650193      1.5824363E-25
    1.666695      7.8589928E-26
    1.683362      6.6773393E-26
    1.700196      1.9094455E-25
    1.717198      1.5465230E-25
    1.734370      4.4282983E-26
    1.751714      2.0453167E-26
    1.769231      9.6000412E-26
    1.786923      9.6896701E-26
    1.804792      3.0275958E-26
    1.822840      9.6250856E-27
    1.841069      9.3997102E-27
    1.859479      3.2526521E-27
    1.878074      1.6706914E-27
    1.896855      4.2960766E-27
    1.915823      2.4047438E-26
    1.934982      1.7747831E-25
    1.954331      5.6059474E-25
    1.973875      4.7856691E-25
    1.993613      3.0930863E-25
    2.013550      6.1337179E-26
    2.033685      1.4956470E-26
    2.054022      4.4108158E-27
    2.074562      9.1217180E-28
    2.095308      1.9116302E-28
    2.116261      1.0934896E-27
    2.137423      7.1539851E-27
    2.158798      9.5062233E-26
    2.180386      8.8495029E-26
    2.202190      3.5246520E-25
    2.224211      7.9732136E-25
    2.246454      1.1210040E-24
    2.268918      1.8802546E-24
    2.291607      1.9726914E-24
    2.314523      1.1288660E-24
    2.337669      1.4576168E-24
    2.361045      1.9401744E-24
    2.384656      4.3977543E-25
    2.408502      1.3979516E-25
    2.432587      5.6964901E-26
    2.456913      2.4242274E-26
    2.481482      2.4625886E-26
    2.506297      3.8467495E-26
    2.531360      2.6855460E-26
    2.556674      1.7872227E-25
    2.582240      1.2115732E-25
    2.608063      1.3431931E-26
    2.634143      2.0474716E-27
    2.660485      7.1953356E-28
    2.687090      2.1819028E-28
    2.713961      1.7035986E-28
    2.741100      2.9862942E-28
    2.768511      2.1836879E-27
    2.796196      2.9350256E-26
    2.824158      1.8042552E-25
    2.852400      3.6156904E-25
    2.880924      5.7822880E-25
    2.909733      7.7813755E-25
    2.938830      8.4723733E-25
    2.968219      2.9868331E-25
    2.997901      2.3204549E-25
    3.027880      3.5223908E-25
    3.058159      2.8236147E-25
    3.088740      2.7869844E-25
    3.119628      1.1244925E-25
    3.150824      1.3024615E-25
    3.182332      3.5224334E-24
    3.214156      1.1875117E-23
    3.246297      2.3163576E-23
    3.278760      9.6394790E-24
    3.311548      3.7533051E-24
    3.344663      1.5747459E-23
    3.378110      7.4938694E-24
    3.411891      1.6926615E-24
    3.446010      7.7502548E-25
    3.480470      8.1461503E-25
    3.515275      1.4467595E-24
    3.550427      6.3957761E-25
    3.585932      4.0527821E-25
    3.621791      2.6135415E-25
    3.658009      1.0791756E-25
    3.694589      2.2230392E-25
    3.731535      1.4001266E-25
    3.768850      1.0302947E-25
    3.806539      1.1835562E-25
    3.844604      1.0729278E-25
    3.883050      8.6399148E-26
    3.921881      5.9696898E-26
    3.961099      4.7709237E-26
    4.000710      3.7497572E-26
    4.040718      2.5009335E-26
    4.081125      1.5329137E-26
    4.121936      3.3179522E-27
    4.163155      8.4408719E-28
    4.204787      5.6457883E-27
    4.246835      4.8659166E-27
    4.289303      1.6087685E-27
    4.332196      3.2404345E-27
    4.375518      1.2438335E-27
    4.419273      8.0177169E-28
    4.463466      1.8018810E-28
    4.508101      8.0189243E-29
    4.553182      1.8642631E-29
    4.598714      3.6478591E-30
    4.644701      1.0888785E-30
    4.691148      8.3457988E-31
    4.738059      1.6306802E-30
    4.785440      5.7127960E-30
    4.833294      1.6006086E-29
    4.881627      2.8435758E-29
    4.930443      5.6267819E-29
    4.979748      1.9536208E-29
    5.029545      9.2482467E-30
    5.079841      7.0941720E-29
    5.130639      1.4911455E-28
    5.181946      7.1760369E-28
    5.233765      9.5900020E-29
    5.286103      1.0347262E-26
    5.338964      2.4495455E-27
    5.392353      3.9506519E-27
    5.446277      4.6655111E-27
    5.500740      2.1379950E-26
    5.555747      8.3981109E-26
    5.611304      1.1552787E-25
    5.667418      4.3345422E-25
    5.724092      1.1425289E-24
    5.781333      1.0938356E-24
    5.839146      1.3299565E-24
    5.897537      3.0481115E-24
    5.956513      1.1130008E-24
    6.016078      6.3747408E-25
    6.076239      2.2236953E-24
    6.137001      7.5933733E-24
    6.198371      9.2567798E-25
    6.260355      1.0839681E-24
    6.322958      1.0394655E-24
    6.386188      1.8715450E-24
    6.450050      1.4711323E-24
    6.514550      7.3094803E-25
    6.579696      5.8732272E-25
    6.645493      2.9246811E-25
    6.711948      1.5692747E-25
    6.779067      1.0253598E-25
    6.846858      8.5790948E-26
    6.915326      3.6249061E-26
    6.984480      2.2705913E-26
    7.054324      1.8082305E-26
    7.124868      2.3367401E-26
    7.196116      6.0267514E-26
    7.268078      4.7034363E-25
    7.340758      5.9148962E-24
    7.414166      2.4937534E-23
    7.488308      2.5175108E-23
    7.563191      1.0715312E-23
    7.638823      7.4731869E-23
    7.715211      1.1816259E-23
    7.792363      7.8118634E-24
    7.870286      7.5568179E-24
    7.948989      2.3015676E-24
    8.028479      6.3083629E-25
    8.108764      1.5139899E-25
    8.189852      4.3096775E-26
    8.271750      1.6784743E-26
    8.354468      6.7646745E-27
    8.438012      5.0179526E-26
    8.522393      5.3156378E-27
    8.607616      2.8341780E-26
    8.693693      4.6330036E-25
    8.780630      7.6710148E-26
    8.868436      1.6778193E-24
    8.957120      2.4757753E-25
    9.046691      6.4116784E-25
    9.137158      6.6650482E-24
    9.228530      2.7063656E-24
    9.320815      8.9147217E-24
    9.414023      5.1175239E-24
    9.508164      1.7149000E-23
    9.603245      1.5346826E-23
    9.699278      7.7403108E-24
    9.796270      1.4743065E-23
    9.894233      8.8031158E-25
    9.993175      2.5398192E-23
   10.093107      3.9994871E-26
   10.194038      4.4042603E-26
   10.295979      6.8057051E-23
   10.398938      3.6071107E-25
   10.502928      1.2314489E-23
   10.607957      1.3290754E-25
   10.714037      7.8870991E-23
   10.821177      1.1782066E-24
   10.929389      1.7377402E-25
   11.038683      7.1639309E-26
   11.149070      1.2801756E-23
   11.260560      2.5971525E-25
   11.373166      5.5779098E-26
   11.486898      5.9613101E-24
   11.601766      2.4793790E-26
   11.717784      5.9735866E-24
   11.834962      1.9237083E-26
   11.953312      4.1150945E-24
   12.072845      1.1270767E-24
   12.193573      2.0577165E-24
   12.315509      5.6321124E-25
   12.438664      8.7194584E-26
   12.563051      2.4392447E-25
   12.688681      9.4664389E-26
   12.815568      1.4692234E-25
   12.943724      1.2347395E-25
   13.073161      3.9817367E-26
   13.203892      3.4326411E-26
   13.335931      2.2647605E-26
   13.469291      6.8229943E-27
   13.603984      6.1176812E-27
   13.740023      9.9292364E-27
   13.877424      1.5658308E-27
   14.016198      5.4466244E-27
   14.156360      5.5827228E-28
   14.297924      2.9668502E-28
   14.440903      2.9025286E-27
   14.585312      1.5999307E-28
   14.731165      2.8710142E-28
   14.878477      2.1811534E-27
   15.027261      1.3125774E-28
   15.177534      1.5480717E-28
   15.329309      3.3939126E-27
   15.482602      2.8119113E-28
   15.637428      1.0443358E-27
   15.793803      2.3748947E-26
   15.951741      5.8215070E-27
   16.111258      4.5306011E-28
   16.272371      1.0973586E-28
   16.435094      4.4561041E-29
   16.599445      3.4171157E-29
   16.765440      4.5335886E-29
   16.933094      9.0535965E-28
   17.102425      1.9616986E-29
   17.273449      3.4125277E-29
   17.446184      2.8009122E-27
   17.620646      7.9674387E-30
   17.796852      3.9229922E-29
   17.974821      4.5336442E-27
   18.154569      1.3887090E-27
   18.336115      1.3653748E-29
   18.519476      5.9639700E-28
   18.704670      1.0506937E-27
   18.891717      3.9318785E-29
   19.080634      7.6771289E-28
   19.271441      4.9450575E-28
   19.464155      2.4089788E-28
   19.658797      2.6499949E-28
   19.855385      2.1542753E-28
   20.053938      1.0449338E-28
   20.254478      1.5114356E-28
   20.457023      2.1647750E-28
   20.661593      2.7838025E-29
   20.868209      8.5415635E-30
   21.076891      1.2315247E-29
   21.287660      1.2717440E-29
   21.500536      3.8220333E-29
   21.715542      6.7727962E-30
   21.932697      1.8685590E-29
   22.152024      6.3320148E-31
   22.373544      4.1882257E-30
   22.597280      1.5133063E-29
   22.823253      9.3235995E-31
   23.051485      2.3194168E-30
   23.282000      1.6855026E-30
   23.514820      7.2046310E-30
   23.749968      1.4552713E-29
   23.987468      1.3539448E-30
   24.227343      5.7719499E-30
   24.469616      5.6072552E-30
   24.714312      6.7561975E-30
   24.961455      5.9487401E-30
   25.211070      2.3387443E-30
   25.463180      1.0722696E-30
   25.717812      1.9888688E-29
   25.974990      8.7054759E-30
   26.234740      2.3767254E-29
   26.497088      1.6471349E-29
   26.762059      1.4473171E-29
   27.029679      4.7011435E-31
   27.299976      1.0260049E-30
   27.572976      2.3098288E-29
   27.848705      3.2713383E-29
   28.127193      1.4995977E-28
   28.408464      4.9746155E-29
   28.692549      2.5023287E-30
   28.979475      6.8742579E-30
   29.269269      3.1065550E-29
   29.561962      2.4282938E-29
   29.857582      1.2497982E-28
