# Pressure:     1.000E+02 Ba
# Temperature:    300.000 K
#  lambda [mu]   kappa [cm^2/mol]
    0.500000      2.4846251E-29
    0.505000      2.2548138E-29
    0.510050      2.7345738E-30
    0.515150      2.2689733E-31
    0.520302      1.3427413E-30
    0.525505      1.6750173E-30
    0.530760      5.2443285E-31
    0.536068      5.1776805E-30
    0.541428      1.3457577E-29
    0.546843      3.9193599E-30
    0.552311      3.2329349E-31
    0.557834      8.0568492E-31
    0.563413      7.1832579E-30
    0.569047      1.9522745E-29
    0.574737      9.2619449E-30
    0.580484      7.1181065E-30
    0.586289      1.9567428E-28
    0.592152      1.4887141E-28
    0.598074      2.0467112E-29
    0.604054      1.1642062E-30
    0.610095      1.2225859E-31
    0.616196      1.3344648E-31
    0.622358      1.3309040E-29
    0.628582      1.6355913E-29
    0.634867      1.0345680E-29
    0.641216      5.7136150E-29
    0.647628      1.0329324E-28
    0.654104      5.6924035E-29
    0.660645      6.2937316E-30
    0.667252      4.8071265E-31
    0.673924      8.7795468E-31
    0.680664      6.7922543E-30
    0.687470      1.7225618E-28
    0.694345      2.2185164E-28
    0.701288      1.4756912E-28
    0.708301      9.1576007E-29
    0.715384      1.8654942E-27
    0.722538      1.3829992E-27
    0.729764      3.3437017E-28
    0.737061      5.9388715E-29
    0.744432      5.2999070E-30
    0.751876      1.3319394E-30
    0.759395      2.9566049E-31
    0.766989      3.0921691E-31
    0.774659      2.1760449E-30
    0.782405      1.2115955E-28
    0.790229      1.3187982E-28
    0.798132      1.5401482E-28
    0.806113      6.2047497E-28
    0.814174      1.8270524E-27
    0.822316      1.2631391E-27
    0.830539      4.9541215E-28
    0.838844      3.3724024E-28
    0.847233      3.3318583E-28
    0.855705      3.3960099E-28
    0.864262      5.0364026E-28
    0.872905      8.2841689E-28
    0.881634      1.5894982E-27
    0.890450      1.4989761E-26
    0.899355      8.9211301E-27
    0.908348      3.7125143E-27
    0.917432      1.5476685E-27
    0.926606      3.2743736E-26
    0.935872      2.1911498E-26
    0.945231      1.9964462E-26
    0.954683      9.9365816E-27
    0.964230      3.2537048E-27
    0.973872      3.6167155E-27
    0.983611      4.0572368E-27
    0.993447      4.3179279E-27
    1.003382      4.2798131E-27
    1.013416      9.2932643E-27
    1.023550      1.2414238E-26
    1.033785      7.6152397E-27
    1.044123      2.8121141E-27
    1.054564      7.8305096E-28
    1.065110      1.1559246E-27
    1.075761      1.1886085E-27
    1.086519      1.4397347E-27
    1.097384      2.2624620E-27
    1.108358      1.7394759E-26
    1.119441      6.7813181E-26
    1.130636      5.7140602E-26
    1.141942      3.8079059E-26
    1.153361      5.7569493E-26
    1.164895      6.5819352E-26
    1.176544      3.2510570E-26
    1.188309      1.5974320E-26
    1.200192      1.7186189E-26
    1.212194      1.8120349E-26
    1.224316      8.6090780E-27
    1.236560      2.1972474E-27
    1.248925      3.1477497E-27
    1.261414      1.9073204E-27
    1.274028      3.8774315E-27
    1.286769      1.1096015E-26
    1.299636      1.5238632E-26
    1.312633      2.1563631E-26
    1.325759      3.2617544E-26
    1.339017      1.1935054E-25
    1.352407      9.1891011E-25
    1.365931      5.6601299E-25
    1.379590      6.9153416E-25
    1.393386      5.5158423E-25
    1.407320      2.3602384E-25
    1.421393      1.2013720E-25
    1.435607      9.9652517E-26
    1.449963      4.5256585E-26
    1.464463      9.4868712E-26
    1.479108      1.2821883E-25
    1.493899      1.7611638E-25
    1.508838      1.9806549E-25
    1.523926      1.0243023E-25
    1.539165      5.3714712E-26
    1.554557      1.4074167E-26
    1.570102      5.3989608E-27
    1.585803      3.0462088E-27
    1.601662      4.1363014E-27
    1.617678      3.8653294E-26
    1.633855      2.0079352E-25
    1.650193      1.2966904E-25
    1.666695      1.2097203E-25
    1.683362      1.2684022E-25
    1.700196      1.3730473E-25
    1.717198      1.2004420E-25
    1.734370      7.3604317E-26
    1.751714      4.6108620E-26
    1.769231      7.6806738E-26
    1.786923      1.5757297E-25
    1.804792      4.4491635E-25
    1.822840      1.1132861E-24
    1.841069      1.0698419E-24
    1.859479      1.3685971E-24
    1.878074      5.0575758E-25
    1.896855      8.6472296E-25
    1.915823      4.7690477E-25
    1.934982      4.0063962E-25
    1.954331      4.3791439E-25
    1.973875      3.6526168E-25
    1.993613      3.1502586E-25
    2.013550      1.6317787E-25
    2.033685      3.9685673E-26
    2.054022      1.4230576E-26
    2.074562      4.9586003E-27
    2.095308      2.0158619E-27
    2.116261      7.3189610E-27
    2.137423      3.9010590E-26
    2.158798      1.0370522E-25
    2.180386      2.5640923E-25
    2.202190      5.4985254E-25
    2.224211      8.3654638E-25
    2.246454      1.2794084E-24
    2.268918      1.3643558E-24
    2.291607      1.2991822E-24
    2.314523      1.2275886E-24
    2.337669      1.6022815E-24
    2.361045      1.6762275E-24
    2.384656      7.7621249E-25
    2.408502      3.2561993E-25
    2.432587      1.6564093E-25
    2.456913      1.1496954E-25
    2.481482      1.7968114E-25
    2.506297      7.3388576E-25
    2.531360      2.8009825E-24
    2.556674      7.4357187E-24
    2.582240      1.1924469E-23
    2.608063      8.4724577E-24
    2.634143      6.7428951E-24
    2.660485      1.0875599E-23
    2.687090      7.1245737E-24
    2.713961      7.8793502E-24
    2.741100      6.6011689E-24
    2.768511      3.0711306E-24
    2.796196      1.6482667E-24
    2.824158      1.1023814E-24
    2.852400      8.0241125E-25
    2.880924      9.1157721E-25
    2.909733      7.7472201E-25
    2.938830      6.2239952E-25
    2.968219      8.5936439E-25
    2.997901      5.9134792E-25
    3.027880      3.8243105E-25
    3.058159      3.4636148E-25
    3.088740      4.4781319E-25
    3.119628      8.3533073E-25
    3.150824      4.0161672E-24
    3.182332      1.4884273E-23
    3.214156      2.8012098E-23
    3.246297      2.2822304E-23
    3.278760      2.1935487E-23
    3.311548      1.9547918E-23
    3.344663      1.4427850E-23
    3.378110      1.3851323E-23
    3.411891      7.4980008E-24
    3.446010      2.7722110E-24
    3.480470      9.6726280E-25
    3.515275      1.0304192E-24
    3.550427      6.4408139E-25
    3.585932      4.4012311E-25
    3.621791      3.7970136E-25
    3.658009      2.7337751E-25
    3.694589      2.4343798E-25
    3.731535      1.6387294E-25
    3.768850      1.4061428E-25
    3.806539      9.6003438E-26
    3.844604      1.1986011E-25
    3.883050      1.0038788E-25
    3.921881      7.8191528E-26
    3.961099      7.4587084E-26
    4.000710      6.4064110E-26
    4.040718      4.7996625E-26
    4.081125      3.5213380E-26
    4.121936      2.0478823E-26
    4.163155      1.8994989E-26
    4.204787      2.3736507E-26
    4.246835      9.2901394E-27
    4.289303      5.4115322E-27
    4.332196      6.2475613E-27
    4.375518      4.4719990E-27
    4.419273      4.5381413E-27
    4.463466      3.4429207E-27
    4.508101      4.8165805E-27
    4.553182      3.9560244E-27
    4.598714      8.4386765E-27
    4.644701      1.7960398E-26
    4.691148      1.5081385E-26
    4.738059      2.3483615E-26
    4.785440      3.0980757E-26
    4.833294      4.4230485E-26
    4.881627      6.5288869E-26
    4.930443      1.6371629E-25
    4.979748      3.0248140E-25
    5.029545      1.5696426E-25
    5.079841      2.2705872E-25
    5.130639      4.9320712E-25
    5.181946      1.0536622E-24
    5.233765      5.9082271E-25
    5.286103      8.3247182E-25
    5.338964      1.2840770E-24
    5.392353      2.7262464E-24
    5.446277      2.2246381E-24
    5.500740      2.6898466E-24
    5.555747      4.6575209E-24
    5.611304      6.7548594E-24
    5.667418      8.0930900E-24
    5.724092      1.0776896E-23
    5.781333      1.1950659E-23
    5.839146      1.6016300E-23
    5.897537      1.4664883E-23
    5.956513      1.1814825E-23
    6.016078      1.5618766E-23
    6.076239      1.2520440E-23
    6.137001      1.1139079E-23
    6.198371      4.0732034E-24
    6.260355      4.9022896E-24
    6.322958      1.2016834E-23
    6.386188      1.8371955E-23
    6.450050      1.8700907E-23
    6.514550      1.6708789E-23
    6.579696      1.5704663E-23
    6.645493      1.0652804E-23
    6.711948      7.9551329E-24
    6.779067      8.4406045E-24
    6.846858      6.7073081E-24
    6.915326      5.4012705E-24
    6.984480      5.1686070E-24
    7.054324      2.9250841E-24
    7.124868      4.0126845E-24
    7.196116      3.9949038E-24
    7.268078      8.5837082E-24
    7.340758      1.6583066E-23
    7.414166      2.2558893E-23
    7.488308      1.7534563E-23
    7.563191      1.4558408E-23
    7.638823      4.1691963E-23
    7.715211      1.5826958E-23
    7.792363      1.2523807E-23
    7.870286      1.2358411E-23
    7.948989      8.2154512E-24
    8.028479      5.1242368E-24
    8.108764      2.6500153E-24
    8.189852      1.5877492E-24
    8.271750      9.4060436E-25
    8.354468      8.1543680E-25
    8.438012      1.2200124E-24
    8.522393      1.1029800E-24
    8.607616      1.8643759E-24
    8.693693      2.6263199E-24
    8.780630      2.4009223E-24
    8.868436      5.5060725E-24
    8.957120      4.1569585E-24
    9.046691      5.2757622E-24
    9.137158      8.4399077E-24
    9.228530      7.4743020E-24
    9.320815      8.5270495E-24
    9.414023      7.3760064E-24
    9.508164      1.0172367E-23
    9.603245      9.7846803E-24
    9.699278      4.8931117E-24
    9.796270      6.4504482E-24
    9.894233      4.5527474E-24
    9.993175      6.3793967E-24
   10.093107      3.7435142E-24
   10.194038      5.8055137E-24
   10.295979      3.1016810E-23
   10.398938      1.3307177E-23
   10.502928      7.8523565E-24
   10.607957      9.7057726E-24
   10.714037      3.1834435E-23
   10.821177      1.1036641E-23
   10.929389      5.9953264E-24
   11.038683      2.8504915E-24
   11.149070      4.4020312E-24
   11.260560      3.2363752E-24
   11.373166      2.7988356E-24
   11.486898      5.5917202E-24
   11.601766      3.3524360E-24
   11.717784      5.9393681E-24
   11.834962      2.4892265E-24
   11.953312      4.2613161E-24
   12.072845      3.3341319E-24
   12.193573      3.6377650E-24
   12.315509      2.8279666E-24
   12.438664      1.8794865E-24
   12.563051      2.0028645E-24
   12.688681      1.8453614E-24
   12.815568      1.5315601E-24
   12.943724      1.1593003E-24
   13.073161      9.6548337E-25
   13.203892      7.7042068E-25
   13.335931      7.6833230E-25
   13.469291      6.0481084E-25
   13.603984      4.6099606E-25
   13.740023      4.1958911E-25
   13.877424      2.8350384E-25
   14.016198      3.4785519E-25
   14.156360      2.7394582E-25
   14.297924      2.7080737E-25
   14.440903      3.1031405E-25
   14.585312      1.4993079E-25
   14.731165      1.2172762E-25
   14.878477      1.2774488E-25
   15.027261      1.1213938E-25
   15.177534      1.3394778E-25
   15.329309      2.3332964E-25
   15.482602      3.5146104E-25
   15.637428      6.1633253E-25
   15.793803      9.4439749E-25
   15.951741      7.9733956E-25
   16.111258      4.8192914E-25
   16.272371      3.1174802E-25
   16.435094      2.6417874E-25
   16.599445      3.0780485E-25
   16.765440      3.6388345E-25
   16.933094      3.6736402E-25
   17.102425      4.1094193E-25
   17.273449      4.3639129E-25
   17.446184      3.3290332E-25
   17.620646      2.2840537E-25
   17.796852      2.3621365E-25
   17.974821      3.7918014E-25
   18.154569      3.6296994E-25
   18.336115      2.8445176E-25
   18.519476      3.4537542E-25
   18.704670      5.2137597E-25
   18.891717      9.0574198E-25
   19.080634      9.7792811E-25
   19.271441      1.0142872E-24
   19.464155      8.5956739E-25
   19.658797      1.0154104E-24
   19.855385      9.6684432E-25
   20.053938      7.4172520E-25
   20.254478      7.6736391E-25
   20.457023      8.6825660E-25
   20.661593      8.7814871E-25
   20.868209      1.5270387E-24
   21.076891      1.5548665E-24
   21.287660      1.6386163E-24
   21.500536      2.3364246E-24
   21.715542      2.1112016E-24
   21.932697      1.7449677E-24
   22.152024      1.9705472E-24
   22.373544      2.4058200E-24
   22.597280      2.3550709E-24
   22.823253      2.7557617E-24
   23.051485      2.0440451E-24
   23.282000      3.6813353E-24
   23.514820      6.4289292E-24
   23.749968      6.5711384E-24
   23.987468      3.5487311E-24
   24.227343      2.8368074E-24
   24.469616      3.7041524E-24
   24.714312      6.9856716E-24
   24.961455      1.0082054E-23
   25.211070      9.7991406E-24
   25.463180      4.9851258E-24
   25.717812      4.4107537E-24
   25.974990      5.6529622E-24
   26.234740      1.0120681E-23
   26.497088      1.3956036E-23
   26.762059      8.6551444E-24
   27.029679      6.5969069E-24
   27.299976      7.5219135E-24
   27.572976      1.0915364E-23
   27.848705      1.7194692E-23
   28.127193      2.7158771E-23
   28.408464      2.8502476E-23
   28.692549      1.6178840E-23
   28.979475      1.1988286E-23
   29.269269      1.1903486E-23
   29.561962      1.3994102E-23
   29.857582      1.8214540E-23
