# Pressure:     1.000E-02 Ba
# Temperature:    310.000 K
#  lambda [mu]   kappa [cm^2/mol]
    0.500000      4.4770934E-29
    0.505000      3.3911319E-29
    0.510050      5.5171152E-30
    0.515150      3.3444017E-31
    0.520302      2.3492799E-30
    0.525505      2.6360490E-30
    0.530760      8.1440767E-31
    0.536068      7.9685859E-30
    0.541428      2.3173587E-29
    0.546843      6.3362674E-30
    0.552311      4.8780068E-31
    0.557834      1.2380908E-30
    0.563413      1.2531039E-29
    0.569047      3.0275319E-29
    0.574737      1.7008865E-29
    0.580484      1.1537851E-29
    0.586289      3.1311131E-28
    0.592152      2.1306684E-28
    0.598074      3.8233974E-29
    0.604054      2.0274299E-30
    0.610095      1.7102444E-31
    0.616196      1.4246789E-31
    0.622358      2.0589685E-29
    0.628582      2.1506368E-29
    0.634867      1.9545026E-29
    0.641216      8.5691554E-29
    0.647628      1.4356188E-28
    0.654104      8.8152608E-29
    0.660645      1.1091495E-29
    0.667252      8.6904404E-31
    0.673924      1.5320554E-30
    0.680664      1.1946745E-29
    0.687470      2.6408750E-28
    0.694345      3.2554984E-28
    0.701288      2.4854798E-28
    0.708301      1.7770660E-28
    0.715384      2.4841527E-27
    0.722538      2.1677694E-27
    0.729764      4.8464479E-28
    0.737061      1.0824248E-28
    0.744432      9.8329816E-30
    0.751876      2.1455040E-30
    0.759395      4.6620457E-31
    0.766989      3.9387885E-31
    0.774659      3.2760124E-30
    0.782405      1.6012170E-28
    0.790229      1.5590037E-28
    0.798132      2.4378776E-28
    0.806113      1.0191850E-27
    0.814174      1.2955631E-27
    0.822316      1.2674117E-27
    0.830539      7.2307906E-28
    0.838844      3.7281888E-28
    0.847233      3.5032171E-28
    0.855705      3.5707046E-28
    0.864262      5.2089209E-28
    0.872905      8.7113252E-28
    0.881634      1.5688344E-27
    0.890450      1.6131027E-26
    0.899355      9.8769766E-27
    0.908348      5.6428451E-27
    0.917432      2.0983662E-27
    0.926606      4.7301248E-26
    0.935872      2.3311697E-26
    0.945231      2.8189532E-26
    0.954683      1.6620105E-26
    0.964230      4.7053444E-27
    0.973872      4.3190026E-27
    0.983611      4.5958039E-27
    0.993447      4.6830147E-27
    1.003382      4.5848133E-27
    1.013416      9.9934201E-27
    1.023550      1.3392843E-26
    1.033785      8.6253249E-27
    1.044123      3.1876369E-27
    1.054564      8.7024527E-28
    1.065110      1.2508708E-27
    1.075761      1.4061585E-27
    1.086519      1.7212041E-27
    1.097384      3.1451750E-27
    1.108358      2.6570501E-26
    1.119441      6.8080751E-26
    1.130636      7.9017520E-26
    1.141942      4.1157797E-26
    1.153361      6.7188193E-26
    1.164895      7.8540351E-26
    1.176544      3.7293783E-26
    1.188309      1.7540871E-26
    1.200192      1.8289612E-26
    1.212194      2.0023831E-26
    1.224316      9.8414647E-27
    1.236560      2.6366205E-27
    1.248925      3.1689931E-27
    1.261414      1.8774102E-27
    1.274028      4.3312275E-27
    1.286769      1.1865680E-26
    1.299636      1.6819596E-26
    1.312633      2.2912434E-26
    1.325759      4.5299918E-26
    1.339017      1.5098400E-25
    1.352407      9.0803243E-25
    1.365931      6.1748268E-25
    1.379590      8.5674537E-25
    1.393386      6.9232256E-25
    1.407320      3.3387947E-25
    1.421393      1.7182002E-25
    1.435607      1.3815268E-25
    1.449963      5.6151489E-26
    1.464463      1.0107456E-25
    1.479108      1.4552243E-25
    1.493899      1.8885492E-25
    1.508838      2.1103129E-25
    1.523926      1.0016290E-25
    1.539165      5.6721717E-26
    1.554557      1.6294318E-26
    1.570102      5.9223366E-27
    1.585803      3.6423131E-27
    1.601662      4.8576156E-27
    1.617678      3.9661102E-26
    1.633855      1.3452309E-25
    1.650193      1.0352649E-25
    1.666695      9.2721869E-26
    1.683362      1.2134848E-25
    1.700196      1.5325582E-25
    1.717198      1.2060730E-25
    1.734370      8.1028704E-26
    1.751714      5.1239486E-26
    1.769231      9.1415634E-26
    1.786923      1.7217064E-25
    1.804792      4.3112302E-25
    1.822840      9.2968072E-25
    1.841069      1.0848992E-24
    1.859479      1.5413351E-24
    1.878074      3.4936289E-25
    1.896855      7.5642502E-25
    1.915823      5.0584101E-25
    1.934982      3.7014118E-25
    1.954331      3.6149741E-25
    1.973875      3.2676810E-25
    1.993613      2.8774694E-25
    2.013550      1.5712753E-25
    2.033685      4.5680247E-26
    2.054022      1.4620449E-26
    2.074562      5.5320859E-27
    2.095308      2.1806419E-27
    2.116261      7.5013182E-27
    2.137423      2.7123199E-26
    2.158798      9.9793661E-26
    2.180386      1.9774630E-25
    2.202190      4.0715721E-25
    2.224211      8.2351439E-25
    2.246454      1.3516366E-24
    2.268918      1.4322765E-24
    2.291607      1.4199885E-24
    2.314523      1.2571664E-24
    2.337669      1.5840486E-24
    2.361045      1.7267475E-24
    2.384656      6.3555549E-25
    2.408502      3.5659232E-25
    2.432587      1.9021379E-25
    2.456913      1.1776816E-25
    2.481482      2.1055012E-25
    2.506297      7.4155382E-25
    2.531360      1.6575741E-24
    2.556674      7.4985983E-24
    2.582240      1.2338334E-23
    2.608063      7.6396125E-24
    2.634143      3.8797249E-24
    2.660485      9.4967127E-24
    2.687090      5.3209576E-24
    2.713961      5.8717793E-24
    2.741100      7.7279083E-24
    2.768511      2.8194113E-24
    2.796196      1.5168142E-24
    2.824158      1.4043227E-24
    2.852400      8.5668361E-25
    2.880924      9.4345885E-25
    2.909733      7.1081651E-25
    2.938830      6.9437309E-25
    2.968219      3.7963457E-25
    2.997901      4.6946317E-25
    3.027880      4.5339093E-25
    3.058159      3.2820899E-25
    3.088740      4.5816511E-25
    3.119628      5.0485625E-25
    3.150824      1.7469418E-24
    3.182332      7.9268150E-24
    3.214156      8.2483504E-24
    3.246297      7.5033277E-24
    3.278760      5.0929542E-24
    3.311548      8.1015417E-24
    3.344663      5.8156581E-24
    3.378110      6.8305546E-24
    3.411891      4.0634236E-24
    3.446010      1.9700608E-24
    3.480470      7.6895582E-25
    3.515275      1.1066090E-24
    3.550427      6.7895402E-25
    3.585932      4.9403629E-25
    3.621791      3.2779005E-25
    3.658009      2.2332038E-25
    3.694589      2.9067641E-25
    3.731535      1.4530514E-25
    3.768850      1.4231951E-25
    3.806539      6.8956010E-26
    3.844604      1.5361641E-25
    3.883050      8.7803771E-26
    3.921881      7.9245802E-26
    3.961099      6.6196003E-26
    4.000710      5.0036242E-26
    4.040718      4.4196500E-26
    4.081125      2.4769977E-26
    4.121936      1.5347842E-26
    4.163155      9.4831673E-27
    4.204787      1.6554973E-26
    4.246835      9.0226254E-27
    4.289303      5.9119575E-27
    4.332196      5.5490106E-27
    4.375518      4.6271471E-27
    4.419273      5.8129332E-27
    4.463466      3.5914472E-27
    4.508101      8.4901507E-27
    4.553182      4.8412834E-27
    4.598714      7.3517273E-27
    4.644701      2.2803366E-26
    4.691148      2.2473168E-26
    4.738059      6.1229713E-27
    4.785440      1.3761967E-26
    4.833294      1.0668862E-26
    4.881627      5.3743142E-26
    4.930443      1.3554411E-25
    4.979748      2.6409985E-25
    5.029545      8.2344192E-27
    5.079841      8.9636880E-26
    5.130639      4.3110128E-25
    5.181946      1.0604105E-24
    5.233765      3.8979509E-25
    5.286103      1.0968497E-25
    5.338964      3.7833432E-25
    5.392353      4.3837185E-24
    5.446277      1.4624935E-24
    5.500740      1.9990784E-24
    5.555747      4.3351373E-24
    5.611304      7.0685176E-24
    5.667418      7.1442413E-24
    5.724092      1.2837586E-23
    5.781333      1.1103445E-23
    5.839146      2.2949304E-23
    5.897537      1.5087625E-23
    5.956513      8.8508086E-24
    6.016078      2.5332748E-23
    6.076239      9.9116648E-24
    6.137001      1.0904779E-23
    6.198371      1.5546536E-24
    6.260355      8.8141284E-25
    6.322958      5.4120655E-24
    6.386188      1.9143861E-23
    6.450050      2.1898968E-23
    6.514550      1.6284947E-23
    6.579696      2.4018361E-23
    6.645493      8.0117031E-24
    6.711948      3.1312821E-24
    6.779067      4.4315941E-24
    6.846858      2.7898661E-24
    6.915326      5.9915684E-24
    6.984480      7.2199209E-24
    7.054324      1.3302518E-24
    7.124868      2.8464003E-24
    7.196116      2.0453563E-24
    7.268078      4.7723921E-24
    7.340758      8.1722311E-24
    7.414166      1.2285318E-23
    7.488308      7.1309754E-24
    7.563191      3.0784969E-24
    7.638823      6.5408259E-23
    7.715211      7.3953933E-24
    7.792363      4.2806581E-24
    7.870286      6.1830003E-24
    7.948989      4.2978974E-24
    8.028479      3.0961798E-24
    8.108764      1.6860437E-24
    8.189852      1.3432946E-24
    8.271750      4.8123473E-25
    8.354468      4.3833096E-25
    8.438012      9.8982546E-25
    8.522393      1.7703583E-25
    8.607616      6.9067849E-25
    8.693693      1.7076411E-24
    8.780630      6.9694371E-25
    8.868436      3.6044357E-24
    8.957120      7.8418053E-25
    9.046691      1.5706379E-24
    9.137158      4.1886648E-24
    9.228530      3.1770507E-24
    9.320815      2.7687610E-24
    9.414023      3.0985957E-24
    9.508164      3.2988112E-24
    9.603245      5.4466277E-24
    9.699278      1.4928480E-24
    9.796270      3.1710754E-24
    9.894233      8.3186532E-26
    9.993175      5.0666338E-24
   10.093107      3.2275762E-27
   10.194038      1.2285269E-26
   10.295979      4.1995265E-23
   10.398938      4.8451131E-24
   10.502928      4.3712013E-24
   10.607957      1.1739767E-24
   10.714037      4.7696135E-23
   10.821177      4.4440948E-24
   10.929389      8.9587928E-25
   11.038683      2.7265425E-25
   11.149070      2.4664496E-24
   11.260560      1.4542182E-25
   11.373166      5.0075512E-26
   11.486898      4.7777543E-24
   11.601766      5.0957703E-26
   11.717784      3.8363347E-24
   11.834962      1.7158763E-25
   11.953312      3.1583780E-24
   12.072845      3.0703059E-24
   12.193573      2.7352959E-24
   12.315509      1.8203238E-24
   12.438664      5.4390242E-25
   12.563051      8.1587351E-25
   12.688681      9.3598554E-25
   12.815568      1.0932500E-24
   12.943724      6.8924604E-25
   13.073161      5.3705590E-25
   13.203892      4.7279263E-25
   13.335931      6.8931962E-25
   13.469291      2.6238601E-25
   13.603984      2.2151313E-25
   13.740023      3.6523746E-25
   13.877424      1.3869796E-25
   14.016198      4.2685698E-25
   14.156360      1.6136669E-25
   14.297924      1.1726004E-25
   14.440903      3.1739025E-25
   14.585312      6.6473709E-26
   14.731165      6.3680627E-26
   14.878477      1.7161244E-25
   15.027261      1.5169862E-25
   15.177534      6.3516120E-26
   15.329309      1.8609331E-25
   15.482602      2.3806597E-25
   15.637428      5.2140770E-25
   15.793803      1.4428979E-24
   15.951741      6.0836808E-25
   16.111258      3.3337224E-25
   16.272371      1.0161112E-25
   16.435094      1.0092837E-25
   16.599445      2.3082884E-25
   16.765440      6.2397182E-25
   16.933094      2.0757680E-25
   17.102425      4.7449830E-25
   17.273449      5.7338835E-25
   17.446184      5.3150812E-25
   17.620646      6.8444000E-26
   17.796852      8.2805705E-26
   17.974821      2.6109852E-25
   18.154569      6.4204445E-25
   18.336115      1.0640151E-25
   18.519476      2.8464286E-25
   18.704670      8.7587131E-26
   18.891717      1.5162023E-24
   19.080634      1.2138613E-24
   19.271441      4.0609298E-25
   19.464155      4.0340961E-25
   19.658797      2.7198140E-25
   19.855385      2.7941446E-25
   20.053938      1.9970218E-25
   20.254478      1.8618559E-25
   20.457023      1.4562757E-24
   20.661593      2.7681576E-25
   20.868209      4.7894923E-25
   21.076891      1.4670626E-24
   21.287660      7.2274545E-26
   21.500536      1.2544980E-24
   21.715542      8.3578057E-24
   21.932697      1.6327423E-24
   22.152024      2.3009785E-24
   22.373544      3.2486987E-24
   22.597280      4.8841731E-26
   22.823253      7.5658464E-25
   23.051485      6.1771700E-25
   23.282000      2.5785259E-24
   23.514820      5.4181132E-24
   23.749968      1.3123958E-23
   23.987468      5.6293372E-26
   24.227343      6.0855334E-26
   24.469616      1.1152347E-25
   24.714312      4.4249494E-24
   24.961455      1.7790454E-23
   25.211070      1.3360558E-23
   25.463180      7.6463568E-26
   25.717812      5.8230594E-24
   25.974990      1.8630685E-25
   26.234740      3.2636983E-25
   26.497088      3.4286939E-23
   26.762059      7.5747408E-24
   27.029679      4.2707636E-26
   27.299976      1.8637123E-25
   27.572976      7.3537557E-24
   27.848705      2.6827448E-25
   28.127193      4.9631313E-23
   28.408464      4.9383329E-23
   28.692549      5.5056961E-25
   28.979475      2.5720862E-25
   29.269269      3.1750045E-25
   29.561962      2.6720125E-23
   29.857582      2.1043270E-25
