# Pressure:     1.000E-06 Ba
# Temperature:    170.000 K
#  lambda [mu]   kappa [cm^2/mol]
    0.500000      4.0613331E-29
    0.505000      3.4747463E-29
    0.510050      1.1146223E-30
    0.515150      1.2654820E-31
    0.520302      2.0526019E-30
    0.525505      2.4918556E-30
    0.530760      3.8382541E-31
    0.536068      5.4150023E-30
    0.541428      2.6909272E-29
    0.546843      3.3178786E-30
    0.552311      1.5457176E-31
    0.557834      1.0238265E-30
    0.563413      6.8080050E-30
    0.569047      2.9686353E-29
    0.574737      8.7992240E-30
    0.580484      5.9975092E-30
    0.586289      3.3738202E-28
    0.592152      1.8258725E-28
    0.598074      8.4604120E-30
    0.604054      3.3867791E-31
    0.610095      6.2959112E-32
    0.616196      5.8508405E-32
    0.622358      1.2297677E-29
    0.628582      2.0079650E-29
    0.634867      9.5818963E-30
    0.641216      3.9519893E-29
    0.647628      1.3536600E-28
    0.654104      3.8866529E-29
    0.660645      2.6915035E-30
    0.667252      9.4655233E-32
    0.673924      3.6584329E-31
    0.680664      9.3577199E-30
    0.687470      1.4949858E-28
    0.694345      3.4127953E-28
    0.701288      1.5425582E-28
    0.708301      1.0615116E-28
    0.715384      2.3764711E-27
    0.722538      1.9997145E-27
    0.729764      2.1141094E-28
    0.737061      2.1074729E-29
    0.744432      2.0206179E-30
    0.751876      8.0910166E-31
    0.759395      5.0016933E-32
    0.766989      5.0423632E-32
    0.774659      4.8959981E-31
    0.782405      7.1508923E-29
    0.790229      1.1610453E-28
    0.798132      1.5549763E-28
    0.806113      3.4447930E-28
    0.814174      1.0589016E-27
    0.822316      1.0012222E-27
    0.830539      2.5540035E-28
    0.838844      3.6393139E-28
    0.847233      2.9448707E-28
    0.855705      3.5230796E-28
    0.864262      4.8168315E-28
    0.872905      8.5640072E-28
    0.881634      1.2721357E-27
    0.890450      1.7870302E-26
    0.899355      1.0094495E-26
    0.908348      3.4942569E-27
    0.917432      1.2358665E-27
    0.926606      2.7403964E-26
    0.935872      1.8892637E-26
    0.945231      1.4381751E-26
    0.954683      6.3637821E-27
    0.964230      2.9670550E-27
    0.973872      2.5432356E-27
    0.983611      4.8299664E-27
    0.993447      4.8508814E-27
    1.003382      4.2619964E-27
    1.013416      9.2419397E-27
    1.023550      1.7266129E-26
    1.033785      8.3759977E-27
    1.044123      1.5791252E-27
    1.054564      5.9682352E-28
    1.065110      1.0291041E-27
    1.075761      1.3869070E-27
    1.086519      1.0945879E-27
    1.097384      1.8254712E-27
    1.108358      7.0829888E-27
    1.119441      5.0609004E-26
    1.130636      5.7910414E-26
    1.141942      2.7262492E-26
    1.153361      4.3317054E-26
    1.164895      8.7831626E-26
    1.176544      3.1939610E-26
    1.188309      1.1333113E-26
    1.200192      2.0110341E-26
    1.212194      2.2164106E-26
    1.224316      8.6440203E-27
    1.236560      1.0381672E-27
    1.248925      1.9877374E-27
    1.261414      1.9955992E-27
    1.274028      2.2302712E-27
    1.286769      1.1316394E-26
    1.299636      1.5346619E-26
    1.312633      1.9000564E-26
    1.325759      2.8270598E-26
    1.339017      4.7177961E-26
    1.352407      4.4961087E-25
    1.365931      4.5763837E-25
    1.379590      4.8475184E-25
    1.393386      2.9823077E-25
    1.407320      1.0099514E-25
    1.421393      4.9151180E-26
    1.435607      7.1054650E-26
    1.449963      3.7637853E-26
    1.464463      5.4719544E-26
    1.479108      1.0036876E-25
    1.493899      2.0948412E-25
    1.508838      2.1167461E-25
    1.523926      8.0860193E-26
    1.539165      2.4855709E-26
    1.554557      6.5289752E-27
    1.570102      4.1825865E-27
    1.585803      2.0561326E-27
    1.601662      1.1390445E-27
    1.617678      1.1165358E-26
    1.633855      1.0420291E-25
    1.650193      1.0754960E-25
    1.666695      6.7847865E-26
    1.683362      7.8934285E-26
    1.700196      1.8569254E-25
    1.717198      1.4054423E-25
    1.734370      5.4568562E-26
    1.751714      2.5435281E-26
    1.769231      8.9036750E-26
    1.786923      1.0160819E-25
    1.804792      8.6628964E-26
    1.822840      2.6851286E-25
    1.841069      4.5081401E-25
    1.859479      6.5589164E-25
    1.878074      1.2817810E-25
    1.896855      2.4489343E-25
    1.915823      1.0355359E-25
    1.934982      1.8688935E-25
    1.954331      3.0437573E-25
    1.973875      3.0287347E-25
    1.993613      2.0574363E-25
    2.013550      7.2714428E-26
    2.033685      1.6772809E-26
    2.054022      5.4261894E-27
    2.074562      1.2082874E-27
    2.095308      2.4526127E-28
    2.116261      7.6097222E-28
    2.137423      7.5419532E-27
    2.158798      9.3562987E-26
    2.180386      6.9909796E-26
    2.202190      1.9635567E-25
    2.224211      4.9964894E-25
    2.246454      8.9767080E-25
    2.268918      1.3875516E-24
    2.291607      1.7881336E-24
    2.314523      1.1070331E-24
    2.337669      1.4858810E-24
    2.361045      1.4559184E-24
    2.384656      3.4115839E-25
    2.408502      1.4626854E-25
    2.432587      6.7733909E-26
    2.456913      4.0650931E-26
    2.481482      4.0423794E-26
    2.506297      8.1863745E-26
    2.531360      2.1846567E-25
    2.556674      1.4044052E-24
    2.582240      2.9887352E-24
    2.608063      2.4228797E-24
    2.634143      1.3330023E-24
    2.660485      5.4638576E-24
    2.687090      1.8923212E-24
    2.713961      9.4956515E-25
    2.741100      1.2890228E-24
    2.768511      3.7703543E-25
    2.796196      1.9814329E-25
    2.824158      3.1097892E-25
    2.852400      3.0160432E-25
    2.880924      3.6207464E-25
    2.909733      4.1051526E-25
    2.938830      4.7597615E-25
    2.968219      2.3002172E-25
    2.997901      2.6890961E-25
    3.027880      2.5929772E-25
    3.058159      1.5870446E-25
    3.088740      2.7917135E-25
    3.119628      1.2034595E-25
    3.150824      2.0800580E-25
    3.182332      1.9912296E-24
    3.214156      2.8730490E-24
    3.246297      3.5569594E-24
    3.278760      3.8810798E-24
    3.311548      1.9598252E-24
    3.344663      2.5410878E-24
    3.378110      2.8780130E-24
    3.411891      1.0772018E-24
    3.446010      6.7362208E-25
    3.480470      3.8817573E-25
    3.515275      7.3705293E-25
    3.550427      6.5468023E-25
    3.585932      2.5970292E-25
    3.621791      1.5557641E-25
    3.658009      7.7029836E-26
    3.694589      1.6279319E-25
    3.731535      8.4272374E-26
    3.768850      8.1968856E-26
    3.806539      2.0606878E-26
    3.844604      1.0093849E-25
    3.883050      4.9964696E-26
    3.921881      4.4187871E-26
    3.961099      2.6605680E-26
    4.000710      1.3845823E-26
    4.040718      1.0495320E-26
    4.081125      5.2625931E-27
    4.121936      2.0651693E-27
    4.163155      4.5730866E-28
    4.204787      2.3557435E-27
    4.246835      8.4169636E-28
    4.289303      4.8847794E-28
    4.332196      3.3402006E-28
    4.375518      2.0088224E-28
    4.419273      3.0018703E-28
    4.463466      1.0554453E-28
    4.508101      9.2744014E-29
    4.553182      3.2711670E-29
    4.598714      2.5768081E-29
    4.644701      8.9685084E-29
    4.691148      1.4111684E-28
    4.738059      5.7986448E-29
    4.785440      5.6586969E-29
    4.833294      1.0882753E-28
    4.881627      1.7460898E-28
    4.930443      7.9046119E-28
    4.979748      1.4734897E-27
    5.029545      2.0577076E-28
    5.079841      1.0339440E-27
    5.130639      8.9096664E-27
    5.181946      1.5963469E-26
    5.233765      7.4501549E-27
    5.286103      6.3760954E-27
    5.338964      1.3150223E-26
    5.392353      2.2717287E-25
    5.446277      5.4179543E-26
    5.500740      9.3813274E-26
    5.555747      2.2448013E-25
    5.611304      4.7307533E-25
    5.667418      2.9929094E-25
    5.724092      1.2311637E-24
    5.781333      7.4979747E-25
    5.839146      2.2971975E-24
    5.897537      1.4109112E-24
    5.956513      1.3184549E-24
    6.016078      3.0105246E-24
    6.076239      1.2248886E-24
    6.137001      3.3650526E-24
    6.198371      3.9574673E-25
    6.260355      3.4387295E-25
    6.322958      6.7168917E-25
    6.386188      1.7361163E-24
    6.450050      2.4310727E-24
    6.514550      1.1227426E-24
    6.579696      2.3055622E-24
    6.645493      4.6783536E-25
    6.711948      1.4667590E-25
    6.779067      2.8395494E-25
    6.846858      1.3823665E-25
    6.915326      2.7374088E-25
    6.984480      2.8840786E-25
    7.054324      3.8562231E-26
    7.124868      7.8770055E-26
    7.196116      7.1248179E-26
    7.268078      1.5435757E-25
    7.340758      1.0772517E-24
    7.414166      2.0798025E-24
    7.488308      6.7212491E-25
    7.563191      2.6052853E-25
    7.638823      4.1042401E-23
    7.715211      8.4295329E-25
    7.792363      3.9340838E-25
    7.870286      5.1673210E-25
    7.948989      3.4833864E-25
    8.028479      1.5419922E-25
    8.108764      5.1599292E-26
    8.189852      2.6547769E-26
    8.271750      1.0399456E-26
    8.354468      5.6861563E-27
    8.438012      1.4641602E-26
    8.522393      1.7081799E-27
    8.607616      1.2431148E-26
    8.693693      1.6021539E-26
    8.780630      1.1268263E-26
    8.868436      4.3748718E-26
    8.957120      1.3028648E-26
    9.046691      4.3662192E-26
    9.137158      1.5557354E-25
    9.228530      4.9080898E-26
    9.320815      1.2733779E-25
    9.414023      8.6302258E-26
    9.508164      1.9095193E-25
    9.603245      2.0077410E-25
    9.699278      8.9945201E-26
    9.796270      1.3926213E-25
    9.894233      1.8399700E-27
    9.993175      2.9344387E-25
   10.093107      1.6827274E-29
   10.194038      1.0943936E-28
   10.295979      2.5287551E-23
   10.398938      3.7637338E-25
   10.502928      3.2427029E-25
   10.607957      4.5157642E-26
   10.714037      1.2329209E-23
   10.821177      1.0929022E-25
   10.929389      1.7411473E-26
   11.038683      3.9489366E-27
   11.149070      1.2617878E-25
   11.260560      2.0380131E-27
   11.373166      2.9232356E-28
   11.486898      1.2223093E-25
   11.601766      3.1422756E-28
   11.717784      1.3377860E-25
   11.834962      2.3022709E-27
   11.953312      9.7963706E-26
   12.072845      4.9016341E-26
   12.193573      5.2378482E-26
   12.315509      3.4179158E-26
   12.438664      7.7881589E-27
   12.563051      1.7960216E-26
   12.688681      8.8240495E-27
   12.815568      1.3275154E-26
   12.943724      8.2085599E-27
   13.073161      4.5234537E-27
   13.203892      4.4005201E-27
   13.335931      4.2279493E-27
   13.469291      1.7137193E-27
   13.603984      1.3525217E-27
   13.740023      3.9368224E-27
   13.877424      1.3457187E-27
   14.016198      4.6677274E-27
   14.156360      6.8358443E-28
   14.297924      3.7550925E-28
   14.440903      2.8767652E-27
   14.585312      3.4723260E-28
   14.731165      4.2742367E-28
   14.878477      1.4268848E-27
   15.027261      5.7112777E-28
   15.177534      3.2593407E-28
   15.329309      1.0876378E-27
   15.482602      6.4064490E-28
   15.637428      1.4177216E-27
   15.793803      1.6835738E-26
   15.951741      1.6321436E-27
   16.111258      7.2467790E-28
   16.272371      2.4749620E-28
   16.435094      1.4633646E-28
   16.599445      2.4172537E-28
   16.765440      3.4848972E-27
   16.933094      1.4030333E-28
   17.102425      1.4546610E-27
   17.273449      8.5559770E-28
   17.446184      1.5904264E-27
   17.620646      1.8666129E-27
   17.796852      4.3208912E-29
   17.974821      6.0980594E-28
   18.154569      5.7101728E-27
   18.336115      2.0160633E-27
   18.519476      2.4798752E-27
   18.704670      1.7768432E-28
   18.891717      6.5635142E-27
   19.080634      2.6481240E-27
   19.271441      1.6351420E-28
   19.464155      3.4270206E-28
   19.658797      3.1573924E-28
   19.855385      5.1892220E-28
   20.053938      2.4928879E-28
   20.254478      2.8579217E-28
   20.457023      2.0700611E-26
   20.661593      1.0718099E-28
   20.868209      2.2639871E-29
   21.076891      1.4970867E-26
   21.287660      5.3283636E-29
   21.500536      6.0538388E-28
   21.715542      8.5574114E-26
   21.932697      2.8149244E-27
   22.152024      8.5936624E-28
   22.373544      3.5991530E-26
   22.597280      4.6406833E-29
   22.823253      2.3680062E-28
   23.051485      2.6932104E-26
   23.282000      1.0807433E-26
   23.514820      5.3219308E-27
   23.749968      1.2247383E-25
   23.987468      1.6002212E-29
   24.227343      2.4949082E-29
   24.469616      2.7037077E-28
   24.714312      9.6300472E-27
   24.961455      1.6556579E-25
   25.211070      1.8721836E-26
   25.463180      3.3887603E-29
   25.717812      1.9435647E-25
   25.974990      2.0109409E-28
   26.234740      2.4272692E-27
   26.497088      7.9234912E-26
   26.762059      1.6321620E-25
   27.029679      1.6966034E-28
   27.299976      8.0195854E-28
   27.572976      1.5709669E-26
   27.848705      5.1392582E-28
   28.127193      1.7604815E-25
   28.408464      1.7461372E-25
   28.692549      3.4306488E-26
   28.979475      1.3199903E-27
   29.269269      1.9118680E-28
   29.561962      1.1944339E-24
   29.857582      2.7317055E-28
