# Pressure:     1.000E-04 Ba
# Temperature:    800.000 K
#  lambda [mu]   kappa [cm^2/mol]
    0.500000      9.7290455E-30
    0.505000      7.1539066E-30
    0.510050      5.1908577E-30
    0.515150      1.3169265E-30
    0.520302      8.2543663E-31
    0.525505      7.1762725E-31
    0.530760      4.9023613E-31
    0.536068      3.2151036E-30
    0.541428      4.3686501E-30
    0.546843      3.3493711E-30
    0.552311      1.6386586E-30
    0.557834      1.0195218E-30
    0.563413      5.7611375E-30
    0.569047      6.1721253E-30
    0.574737      7.8551989E-30
    0.580484      8.2767798E-30
    0.586289      4.2965649E-24
    0.592152      5.7350489E-29
    0.598074      3.5176393E-29
    0.604054      9.7488179E-30
    0.610095      2.6172241E-30
    0.616196      1.2044459E-30
    0.622358      8.7889081E-30
    0.628582      6.5917672E-30
    0.634867      9.4424085E-30
    0.641216      4.1750982E-29
    0.647628      3.7423264E-29
    0.654104      4.2989162E-29
    0.660645      1.8745812E-29
    0.667252      5.3435219E-30
    0.673924      3.2517533E-30
    0.680664      4.9420872E-30
    0.687470      1.2456432E-28
    0.694345      6.5261803E-29
    0.701288      9.3247113E-29
    0.708301      1.2043014E-28
    0.715384      5.4352481E-28
    0.722538      4.9035078E-28
    0.729764      3.8843705E-28
    0.737061      1.7225772E-28
    0.744432      6.2235766E-29
    0.751876      2.0536615E-29
    0.759395      8.4788072E-30
    0.766989      4.4158633E-28
    0.774659      1.3803295E-29
    0.782405      6.1313162E-29
    0.790229      5.4413905E-29
    0.798132      9.1409038E-29
    0.806113      6.8925971E-28
    0.814174      4.2340440E-28
    0.822316      4.8826426E-28
    0.830539      4.5861129E-28
    0.838844      2.1034354E-28
    0.847233      9.3367383E-29
    0.855705      3.2255254E-29
    0.864262      2.3395162E-29
    0.872905      3.2205997E-29
    0.881634      1.1671997E-28
    0.890450      1.2687532E-27
    0.899355      5.7217166E-28
    0.908348      1.3172455E-27
    0.917432      1.4698534E-27
    0.926606      1.2040868E-26
    0.935872      5.6322990E-27
    0.945231      1.9912411E-26
    0.954683      8.5042094E-27
    0.964230      3.8865179E-27
    0.973872      2.2930736E-27
    0.983611      1.1663945E-27
    0.993447      5.1286984E-28
    1.003382      2.0149962E-28
    1.013416      8.7138687E-29
    1.023550      5.2148472E-29
    1.033785      2.8230560E-29
    1.044123      3.7559147E-29
    1.054564      6.9745420E-29
    1.065110      1.3591336E-28
    1.075761      2.0564168E-28
    1.086519      7.1543574E-28
    1.097384      4.3417429E-27
    1.108358      1.6401510E-26
    1.119441      1.3023726E-26
    1.130636      1.9330798E-26
    1.141942      1.0292204E-26
    1.153361      1.0850394E-26
    1.164895      7.7033853E-27
    1.176544      3.3505777E-27
    1.188309      1.3281479E-27
    1.200192      7.4543184E-28
    1.212194      6.0170032E-28
    1.224316      3.6765562E-28
    1.236560      2.2479267E-28
    1.248925      1.6360579E-28
    1.261414      2.4912381E-28
    1.274028      6.4767454E-28
    1.286769      1.6372343E-27
    1.299636      2.2311017E-27
    1.312633      3.7202504E-27
    1.325759      6.2985337E-26
    1.339017      1.6968218E-25
    1.352407      2.7145836E-25
    1.365931      1.3592978E-25
    1.379590      2.5559164E-25
    1.393386      2.1408502E-25
    1.407320      2.3485320E-25
    1.421393      1.5088651E-25
    1.435607      9.2399513E-26
    1.449963      4.4382732E-26
    1.464463      3.4883336E-26
    1.479108      2.6429955E-26
    1.493899      1.5623827E-26
    1.508838      9.7470052E-27
    1.523926      4.2955972E-27
    1.539165      1.9087282E-27
    1.554557      1.4455906E-27
    1.570102      7.3507844E-28
    1.585803      5.5297478E-28
    1.601662      4.0828723E-28
    1.617678      4.2826217E-28
    1.633855      4.8926019E-28
    1.650193      7.2496381E-28
    1.666695      9.2804136E-28
    1.683362      1.2762876E-27
    1.700196      1.7892481E-27
    1.717198      4.2141929E-27
    1.734370      9.1662030E-27
    1.751714      3.2890538E-26
    1.769231      8.2394161E-26
    1.786923      1.3766074E-25
    1.804792      2.7451860E-25
    1.822840      3.1822904E-25
    1.841069      3.1217892E-25
    1.859479      4.3210766E-25
    1.878074      1.3451308E-25
    1.896855      1.9584657E-25
    1.915823      2.4726142E-25
    1.934982      2.1080397E-25
    1.954331      1.5990115E-25
    1.973875      6.3597707E-26
    1.993613      3.1553660E-26
    2.013550      1.4943422E-26
    2.033685      7.5877505E-27
    2.054022      3.0889917E-27
    2.074562      1.6919528E-27
    2.095308      1.2103094E-27
    2.116261      8.9513880E-28
    2.137423      7.0581884E-28
    2.158798      7.8608346E-28
    2.180386      1.1140314E-27
    2.202190      1.7809079E-27
    2.224211      2.3844651E-27
    2.246454      3.1009364E-27
    2.268918      4.4781133E-27
    2.291607      1.9618223E-26
    2.314523      4.7822621E-26
    2.337669      3.2624765E-26
    2.361045      7.5497056E-26
    2.384656      5.8705037E-26
    2.408502      4.9483232E-26
    2.432587      1.0773875E-25
    2.456913      2.7212129E-25
    2.481482      6.0703667E-25
    2.506297      1.3180474E-24
    2.531360      1.8613584E-24
    2.556674      2.6821979E-24
    2.582240      2.0697120E-24
    2.608063      1.1144448E-24
    2.634143      8.0589163E-25
    2.660485      4.0141014E-24
    2.687090      2.1087249E-24
    2.713961      2.0020492E-24
    2.741100      2.5807441E-24
    2.768511      1.9686454E-24
    2.796196      1.8858850E-24
    2.824158      1.7498275E-24
    2.852400      1.0888521E-24
    2.880924      7.0812637E-25
    2.909733      5.4256882E-25
    2.938830      3.5788263E-25
    2.968219      2.5842157E-25
    2.997901      1.8207367E-25
    3.027880      1.9661545E-25
    3.058159      9.5055445E-26
    3.088740      7.8499208E-26
    3.119628      8.8552989E-26
    3.150824      6.3280333E-26
    3.182332      9.2362032E-26
    3.214156      4.9538820E-26
    3.246297      5.0776692E-26
    3.278760      7.0517400E-26
    3.311548      1.0016107E-25
    3.344663      4.9872442E-26
    3.378110      4.2505969E-26
    3.411891      3.3016994E-26
    3.446010      2.5045934E-26
    3.480470      1.4654088E-26
    3.515275      1.1303221E-26
    3.550427      6.7605249E-27
    3.585932      4.4137541E-27
    3.621791      2.5025271E-27
    3.658009      2.2171584E-27
    3.694589      1.3852517E-27
    3.731535      1.2734692E-27
    3.768850      1.0649566E-27
    3.806539      1.2195632E-27
    3.844604      3.0601624E-27
    3.883050      9.0477742E-28
    3.921881      3.6409765E-27
    3.961099      1.1873323E-27
    4.000710      1.3388994E-27
    4.040718      2.8147147E-27
    4.081125      3.8722645E-27
    4.121936      6.4153473E-27
    4.163155      7.8671621E-26
    4.204787      4.5365753E-25
    4.246835      5.1714245E-25
    4.289303      3.9590242E-25
    4.332196      2.9395602E-25
    4.375518      1.9010563E-25
    4.419273      2.2358625E-25
    4.463466      8.3863044E-25
    4.508101      2.0504726E-24
    4.553182      3.7082682E-24
    4.598714      3.9283082E-24
    4.644701      1.8327577E-24
    4.691148      2.3198594E-24
    4.738059      2.8152921E-24
    4.785440      2.1649165E-24
    4.833294      1.8707191E-24
    4.881627      1.7794943E-24
    4.930443      1.2060287E-24
    4.979748      8.2146167E-25
    5.029545      4.1587171E-25
    5.079841      3.1749019E-25
    5.130639      4.4784397E-25
    5.181946      6.5927617E-25
    5.233765      7.3303451E-25
    5.286103      4.5035489E-25
    5.338964      7.0808702E-25
    5.392353      1.9450473E-24
    5.446277      6.4385927E-25
    5.500740      1.3612808E-24
    5.555747      1.5321969E-24
    5.611304      2.0924182E-24
    5.667418      3.5335404E-24
    5.724092      3.1179720E-24
    5.781333      2.2420099E-24
    5.839146      3.3079035E-24
    5.897537      1.5470300E-24
    5.956513      6.9239428E-25
    6.016078      1.7823486E-24
    6.076239      8.6447922E-25
    6.137001      4.7514687E-25
    6.198371      2.0869519E-25
    6.260355      1.5115892E-25
    6.322958      4.6949000E-25
    6.386188      1.9532700E-24
    6.450050      2.7269013E-24
    6.514550      3.2923332E-24
    6.579696      1.1694727E-23
    6.645493      2.2221414E-24
    6.711948      1.6826154E-24
    6.779067      3.1486272E-24
    6.846858      1.6218242E-24
    6.915326      1.4885183E-24
    6.984480      2.4245875E-24
    7.054324      1.2412574E-24
    7.124868      1.2651844E-24
    7.196116      1.4126691E-24
    7.268078      1.8883655E-24
    7.340758      6.4931358E-25
    7.414166      2.1704928E-24
    7.488308      8.2356419E-25
    7.563191      1.4778080E-24
    7.638823      6.6054034E-25
    7.715211      5.6666197E-25
    7.792363      6.3498871E-25
    7.870286      4.5745625E-25
    7.948989      3.5758202E-25
    8.028479      2.6061152E-25
    8.108764      4.7699444E-25
    8.189852      2.0940751E-25
    8.271750      2.2776508E-25
    8.354468      9.7114671E-26
    8.438012      1.2875775E-25
    8.522393      5.4935572E-26
    8.607616      6.0144856E-26
    8.693693      6.2080723E-26
    8.780630      2.0204322E-26
    8.868436      3.9885142E-26
    8.957120      3.6391776E-26
    9.046691      2.4679790E-26
    9.137158      1.0720242E-26
    9.228530      2.4068486E-26
    9.320815      3.5183198E-26
    9.414023      1.3715739E-26
    9.508164      2.0539772E-26
    9.603245      1.5086378E-26
    9.699278      1.0435467E-26
    9.796270      9.5609134E-26
    9.894233      6.6383916E-27
    9.993175      1.6988853E-26
   10.093107      5.3814696E-27
   10.194038      1.8251017E-26
   10.295979      2.9604733E-26
   10.398938      1.3511819E-26
   10.502928      2.3899332E-26
   10.607957      2.3892607E-26
   10.714037      6.9235643E-27
   10.821177      4.8395884E-26
   10.929389      7.2234718E-26
   11.038683      9.4160274E-27
   11.149070      1.9132162E-26
   11.260560      7.1591434E-27
   11.373166      1.8566157E-26
   11.486898      3.0932243E-26
   11.601766      3.5841057E-26
   11.717784      7.4517706E-26
   11.834962      3.5007816E-26
   11.953312      1.2820399E-26
   12.072845      1.3389677E-26
   12.193573      6.3925296E-26
   12.315509      1.0731275E-25
   12.438664      1.1742575E-25
   12.563051      2.5176727E-26
   12.688681      8.4437580E-26
   12.815568      2.9116631E-26
   12.943724      1.1679930E-25
   13.073161      7.6860555E-26
   13.203892      1.6256782E-25
   13.335931      1.9931856E-25
   13.469291      6.1622107E-26
   13.603984      1.5837963E-25
   13.740023      9.9323912E-26
   13.877424      1.5730927E-25
   14.016198      1.0649427E-25
   14.156360      2.7381120E-25
   14.297924      3.0828023E-25
   14.440903      4.0003141E-25
   14.585312      2.4497988E-25
   14.731165      1.8305127E-25
   14.878477      3.6923674E-25
   15.027261      3.0086156E-25
   15.177534      1.9598155E-25
   15.329309      3.1752255E-25
   15.482602      4.9372054E-25
   15.637428      4.0633007E-25
   15.793803      7.0394997E-26
   15.951741      6.1280865E-25
   16.111258      5.3603233E-25
   16.272371      3.3297090E-25
   16.435094      2.3639590E-25
   16.599445      7.8519076E-25
   16.765440      5.1543653E-25
   16.933094      2.5925816E-25
   17.102425      6.9025440E-25
   17.273449      9.6773247E-25
   17.446184      2.9598904E-25
   17.620646      6.3233335E-25
   17.796852      8.2903363E-25
   17.974821      7.0173795E-25
   18.154569      2.7055289E-25
   18.336115      2.0059910E-24
   18.519476      2.1606598E-24
   18.704670      5.2872651E-26
   18.891717      1.0789700E-24
   19.080634      1.1423272E-24
   19.271441      3.2321102E-24
   19.464155      1.2130104E-24
   19.658797      7.3322144E-25
   19.855385      1.5329468E-25
   20.053938      1.4627792E-24
   20.254478      1.0158757E-24
   20.457023      9.4770008E-25
   20.661593      1.2841373E-24
   20.868209      2.1227251E-24
   21.076891      1.0264689E-24
   21.287660      8.1753159E-26
   21.500536      1.5497800E-24
   21.715542      2.7843484E-24
   21.932697      1.5168938E-24
   22.152024      1.9046366E-24
   22.373544      1.5636771E-24
   22.597280      1.8046720E-25
   22.823253      1.0098106E-24
   23.051485      2.7303103E-25
   23.282000      4.9137002E-24
   23.514820      2.3499779E-24
   23.749968      2.2617769E-24
   23.987468      1.8822381E-25
   24.227343      8.8338661E-25
   24.469616      7.1065025E-25
   24.714312      2.2362714E-24
   24.961455      3.4703345E-24
   25.211070      2.9287520E-24
   25.463180      1.3859890E-24
   25.717812      2.0257342E-24
   25.974990      5.7956879E-25
   26.234740      5.6424491E-25
   26.497088      9.4833689E-24
   26.762059      1.2527875E-24
   27.029679      5.9083945E-25
   27.299976      2.0654938E-25
   27.572976      1.2667215E-24
   27.848705      2.6499285E-24
   28.127193      8.7764360E-24
   28.408464      6.1781606E-24
   28.692549      4.6678909E-25
   28.979475      1.8656937E-25
   29.269269      3.6532985E-24
   29.561962      1.1256004E-24
   29.857582      4.4067789E-25
