# Pressure:     3.000E-03 Ba
# Temperature:   1300.000 K
#  lambda [mu]   kappa [cm^2/mol]
    0.500000      7.0276874E-30
    0.505000      5.5086460E-30
    0.510050      5.5893074E-30
    0.515150      3.0829580E-30
    0.520302      2.1620149E-30
    0.525505      2.0717226E-30
    0.530760      2.1459277E-30
    0.536068      4.2011013E-30
    0.541428      5.3120302E-30
    0.546843      5.5180905E-30
    0.552311      5.0428566E-30
    0.557834      4.9618281E-30
    0.563413      1.1237870E-29
    0.569047      1.7314012E-29
    0.574737      3.6477718E-29
    0.580484      1.6610214E-28
    0.586289      9.0839729E-24
    0.592152      1.3808282E-28
    0.598074      5.8713939E-29
    0.604054      2.9302225E-29
    0.610095      1.4232208E-29
    0.616196      1.1151682E-29
    0.622358      1.6102557E-29
    0.628582      1.2484706E-29
    0.634867      1.4098088E-29
    0.641216      4.4015862E-29
    0.647628      3.8700690E-29
    0.654104      4.4023363E-29
    0.660645      3.2319946E-29
    0.667252      1.8123525E-29
    0.673924      1.4595963E-29
    0.680664      1.1417565E-29
    0.687470      1.3259575E-28
    0.694345      5.5187639E-29
    0.701288      8.6824593E-29
    0.708301      1.4147813E-28
    0.715384      4.6236810E-28
    0.722538      3.7657206E-28
    0.729764      3.9697503E-28
    0.737061      2.7621853E-28
    0.744432      1.8911269E-28
    0.751876      1.5720362E-28
    0.759395      5.5392466E-28
    0.766989      3.5489371E-24
    0.774659      1.5271651E-28
    0.782405      1.0259531E-28
    0.790229      8.3861965E-29
    0.798132      1.2413101E-28
    0.806113      7.5440313E-28
    0.814174      5.0158033E-28
    0.822316      5.5928817E-28
    0.830539      5.2322317E-28
    0.838844      4.1597762E-28
    0.847233      2.8283551E-28
    0.855705      1.5637034E-28
    0.864262      1.0972730E-28
    0.872905      8.9094946E-29
    0.881634      2.1863284E-28
    0.890450      1.2103043E-27
    0.899355      5.2058737E-28
    0.908348      1.1414682E-27
    0.917432      1.9758311E-27
    0.926606      9.3596226E-27
    0.935872      4.8969710E-27
    0.945231      1.7195541E-26
    0.954683      7.7549892E-27
    0.964230      5.6052120E-27
    0.973872      4.2974080E-27
    0.983611      2.6364520E-27
    0.993447      1.7047032E-27
    1.003382      1.0782432E-27
    1.013416      6.7171810E-28
    1.023550      4.5676916E-28
    1.033785      3.0108399E-28
    1.044123      2.5447685E-28
    1.054564      2.5631250E-28
    1.065110      2.9673581E-28
    1.075761      3.5411641E-28
    1.086519      1.9661765E-27
    1.097384      7.8442828E-27
    1.108358      1.7388741E-26
    1.119441      1.2617512E-26
    1.130636      1.7595328E-26
    1.141942      1.1215805E-26
    1.153361      1.2793466E-26
    1.164895      1.4501583E-26
    1.176544      8.6413086E-27
    1.188309      5.2482765E-27
    1.200192      3.3167788E-27
    1.212194      2.0509124E-27
    1.224316      1.4716142E-27
    1.236560      1.0396568E-27
    1.248925      8.6804159E-28
    1.261414      1.1959696E-27
    1.274028      1.7400737E-27
    1.286769      2.7672932E-27
    1.299636      3.5093738E-27
    1.312633      5.3063332E-27
    1.325759      2.7190516E-25
    1.339017      3.1242778E-25
    1.352407      2.2076123E-25
    1.365931      1.2007366E-25
    1.379590      2.0193425E-25
    1.393386      2.0024448E-25
    1.407320      2.4081131E-25
    1.421393      1.9653242E-25
    1.435607      1.5134668E-25
    1.449963      1.1283125E-25
    1.464463      7.6033827E-26
    1.479108      5.3483507E-26
    1.493899      4.0233234E-26
    1.508838      3.0686799E-26
    1.523926      2.0319283E-26
    1.539165      1.3051061E-26
    1.554557      9.7158314E-27
    1.570102      6.2555112E-27
    1.585803      4.2698219E-27
    1.601662      3.1409021E-27
    1.617678      2.6920642E-27
    1.633855      2.3208390E-27
    1.650193      2.6014070E-27
    1.666695      2.2780735E-27
    1.683362      3.6526326E-27
    1.700196      6.4602200E-27
    1.717198      1.6776705E-26
    1.734370      3.7939371E-26
    1.751714      8.2620872E-26
    1.769231      1.6274124E-25
    1.786923      2.3435671E-25
    1.804792      3.3479620E-25
    1.822840      3.1417211E-25
    1.841069      3.7238606E-25
    1.859479      3.9931479E-25
    1.878074      1.7711619E-25
    1.896855      1.9454707E-25
    1.915823      2.4314055E-25
    1.934982      3.0221924E-25
    1.954331      3.0378561E-25
    1.973875      1.9874551E-25
    1.993613      1.3492070E-25
    2.013550      8.1676560E-26
    2.033685      5.5908029E-26
    2.054022      3.0505618E-26
    2.074562      1.8109337E-26
    2.095308      1.1139804E-26
    2.116261      7.3017402E-27
    2.137423      5.4858488E-27
    2.158798      5.1554206E-27
    2.180386      5.2716302E-27
    2.202190      6.4752953E-27
    2.224211      8.3246491E-27
    2.246454      9.2061330E-27
    2.268918      1.1886166E-26
    2.291607      8.2305239E-26
    2.314523      1.3862931E-25
    2.337669      7.4320948E-26
    2.361045      1.3402287E-25
    2.384656      1.2891804E-25
    2.408502      1.7877606E-25
    2.432587      3.1251995E-25
    2.456913      7.4971491E-25
    2.481482      1.2555752E-24
    2.506297      2.0368143E-24
    2.531360      2.2209097E-24
    2.556674      2.3990356E-24
    2.582240      1.8410602E-24
    2.608063      1.1507166E-24
    2.634143      7.6848733E-25
    2.660485      3.4387954E-24
    2.687090      2.5363122E-24
    2.713961      2.4707375E-24
    2.741100      2.8390270E-24
    2.768511      2.1510866E-24
    2.796196      2.3077119E-24
    2.824158      2.6352710E-24
    2.852400      2.0382832E-24
    2.880924      1.5922971E-24
    2.909733      1.6090415E-24
    2.938830      1.1439005E-24
    2.968219      8.6176638E-25
    2.997901      5.9041920E-25
    3.027880      5.9241867E-25
    3.058159      3.4806398E-25
    3.088740      3.1501988E-25
    3.119628      2.6917743E-25
    3.150824      1.8964889E-25
    3.182332      2.0109150E-25
    3.214156      1.2889946E-25
    3.246297      1.1326029E-25
    3.278760      1.1084391E-25
    3.311548      9.4191549E-26
    3.344663      9.3984761E-26
    3.378110      8.6753477E-26
    3.411891      7.1829634E-26
    3.446010      6.1859817E-26
    3.480470      4.7965231E-26
    3.515275      4.2025619E-26
    3.550427      3.1868439E-26
    3.585932      2.4941236E-26
    3.621791      1.7400466E-26
    3.658009      1.3702602E-26
    3.694589      1.0336383E-26
    3.731535      9.4760678E-27
    3.768850      7.2967534E-27
    3.806539      7.6758904E-27
    3.844604      1.2680485E-26
    3.883050      5.9245223E-27
    3.921881      2.4987417E-26
    3.961099      8.8694926E-27
    4.000710      1.3374252E-26
    4.040718      2.4702138E-26
    4.081125      3.4109990E-26
    4.121936      4.5911359E-26
    4.163155      7.0966824E-26
    4.204787      1.1378372E-25
    4.246835      1.2239805E-25
    4.289303      1.4939653E-25
    4.332196      2.6297093E-25
    4.375518      1.0198339E-24
    4.419273      1.4657282E-24
    4.463466      4.5418531E-24
    4.508101      5.7248816E-24
    4.553182      7.3334449E-24
    4.598714      6.9251268E-24
    4.644701      3.3822701E-24
    4.691148      4.3475543E-24
    4.738059      4.6689715E-24
    4.785440      4.3795277E-24
    4.833294      4.4101709E-24
    4.881627      4.3086447E-24
    4.930443      3.9055178E-24
    4.979748      2.9274785E-24
    5.029545      2.1674920E-24
    5.079841      1.5857032E-24
    5.130639      1.3610541E-24
    5.181946      1.4791775E-24
    5.233765      1.6539759E-24
    5.286103      1.3352397E-24
    5.338964      1.6456575E-24
    5.392353      2.2874096E-24
    5.446277      1.4178077E-24
    5.500740      2.4211867E-24
    5.555747      2.6183430E-24
    5.611304      3.1032002E-24
    5.667418      4.1517827E-24
    5.724092      3.6052632E-24
    5.781333      3.0133297E-24
    5.839146      2.9189361E-24
    5.897537      2.1534768E-24
    5.956513      9.8471272E-25
    6.016078      2.1095139E-24
    6.076239      1.0735440E-24
    6.137001      8.6902020E-25
    6.198371      5.3716877E-25
    6.260355      4.0813302E-25
    6.322958      6.5825351E-25
    6.386188      2.0256030E-24
    6.450050      4.0399911E-24
    6.514550      4.4005531E-24
    6.579696      1.0373901E-23
    6.645493      4.1409117E-24
    6.711948      3.1677510E-24
    6.779067      5.0084747E-24
    6.846858      3.0404559E-24
    6.915326      2.9836914E-24
    6.984480      4.5001854E-24
    7.054324      2.7421745E-24
    7.124868      2.5619037E-24
    7.196116      3.1476227E-24
    7.268078      3.7225086E-24
    7.340758      1.8291127E-24
    7.414166      4.2403867E-24
    7.488308      2.3990941E-24
    7.563191      3.1743123E-24
    7.638823      1.9246114E-24
    7.715211      1.6935654E-24
    7.792363      2.2333956E-24
    7.870286      1.6913771E-24
    7.948989      1.6873750E-24
    8.028479      1.5127445E-24
    8.108764      1.8644299E-24
    8.189852      9.9054963E-25
    8.271750      1.3937934E-24
    8.354468      6.6658439E-25
    8.438012      8.1665983E-25
    8.522393      4.6317126E-25
    8.607616      4.5278288E-25
    8.693693      4.4667136E-25
    8.780630      3.2148264E-25
    8.868436      3.2734733E-25
    8.957120      3.2116630E-25
    9.046691      2.2070567E-25
    9.137158      1.6509180E-25
    9.228530      1.8270533E-25
    9.320815      4.0470676E-25
    9.414023      2.3066472E-25
    9.508164      1.9560293E-25
    9.603245      1.4266245E-25
    9.699278      1.2520117E-25
    9.796270      6.2651978E-25
    9.894233      1.0779673E-25
    9.993175      2.0170288E-25
   10.093107      1.0589744E-25
   10.194038      1.5200824E-25
   10.295979      3.2941477E-25
   10.398938      1.9596088E-25
   10.502928      2.2066542E-25
   10.607957      4.3385099E-25
   10.714037      1.1550768E-25
   10.821177      6.3686259E-25
   10.929389      5.1778652E-25
   11.038683      1.6854190E-25
   11.149070      2.9510782E-25
   11.260560      1.4726174E-25
   11.373166      3.4593618E-25
   11.486898      5.5361394E-25
   11.601766      3.8071631E-25
   11.717784      8.5645937E-25
   11.834962      3.2889311E-25
   11.953312      3.3359312E-25
   12.072845      3.6591433E-25
   12.193573      6.3784856E-25
   12.315509      9.1016527E-25
   12.438664      9.5939840E-25
   12.563051      7.0218205E-25
   12.688681      9.3574272E-25
   12.815568      5.5681196E-25
   12.943724      1.3734359E-24
   13.073161      9.7069767E-25
   13.203892      1.6836389E-24
   13.335931      1.3905648E-24
   13.469291      1.1843168E-24
   13.603984      1.9480832E-24
   13.740023      1.9452976E-24
   13.877424      1.8514966E-24
   14.016198      1.1919309E-24
   14.156360      1.8917529E-24
   14.297924      1.9073794E-24
   14.440903      2.5494082E-24
   14.585312      3.2924069E-24
   14.731165      3.0621642E-24
   14.878477      2.0939045E-24
   15.027261      3.7797466E-24
   15.177534      1.6267604E-24
   15.329309      4.2905130E-24
   15.482602      5.2153561E-24
   15.637428      3.6424655E-24
   15.793803      1.2770085E-24
   15.951741      5.9755275E-24
   16.111258      5.2720216E-24
   16.272371      3.1551826E-24
   16.435094      2.9667753E-24
   16.599445      4.8849399E-24
   16.765440      3.5358925E-24
   16.933094      2.5268112E-24
   17.102425      4.6408213E-24
   17.273449      1.0551178E-23
   17.446184      2.4612347E-24
   17.620646      7.2813955E-24
   17.796852      6.2254046E-24
   17.974821      8.4645664E-24
   18.154569      1.4874907E-24
   18.336115      1.3396764E-23
   18.519476      1.2917807E-23
   18.704670      1.0982832E-24
   18.891717      9.2285599E-24
   19.080634      6.1366723E-24
   19.271441      2.1635596E-23
   19.464155      7.8402486E-24
   19.658797      5.2216140E-24
   19.855385      1.4613579E-24
   20.053938      1.2779807E-23
   20.254478      6.8315358E-24
   20.457023      5.8704850E-24
   20.661593      7.0252756E-24
   20.868209      1.1686831E-23
   21.076891      6.0421024E-24
   21.287660      7.6532471E-25
   21.500536      1.1258879E-23
   21.715542      9.3768679E-24
   21.932697      6.0429980E-24
   22.152024      9.0272824E-24
   22.373544      9.2590023E-24
   22.597280      2.2332848E-24
   22.823253      1.1062884E-23
   23.051485      2.6797187E-24
   23.282000      1.9428052E-23
   23.514820      1.0461284E-23
   23.749968      9.8954485E-24
   23.987468      1.9332963E-24
   24.227343      7.1741338E-24
   24.469616      5.5460214E-24
   24.714312      1.0074934E-23
   24.961455      8.7579041E-24
   25.211070      1.2063385E-23
   25.463180      1.0148490E-23
   25.717812      1.0479393E-23
   25.974990      3.2143329E-24
   26.234740      5.2308477E-24
   26.497088      3.8129262E-23
   26.762059      5.8861126E-24
   27.029679      5.2192109E-24
   27.299976      2.1528418E-24
   27.572976      9.5315875E-24
   27.848705      1.5416272E-23
   28.127193      3.4136028E-23
   28.408464      2.3821402E-23
   28.692549      2.9357056E-24
   28.979475      2.4744133E-24
   29.269269      1.9511513E-23
   29.561962      5.3165384E-24
   29.857582      4.7396256E-24
