# Pressure:     1.000E-01 Ba
# Temperature:   2300.000 K
#  lambda [mu]   kappa [cm^2/mol]
    0.500000      1.3777963E-29
    0.505000      3.0857860E-29
    0.510050      5.8807794E-29
    0.515150      1.7239153E-29
    0.520302      1.9287925E-29
    0.525505      2.4132062E-29
    0.530760      1.9333888E-28
    0.536068      3.6878558E-29
    0.541428      4.5565979E-29
    0.546843      5.7460974E-29
    0.552311      8.1773695E-29
    0.557834      1.1581189E-28
    0.563413      8.2392331E-28
    0.569047      3.3363923E-28
    0.574737      9.0872734E-28
    0.580484      4.3004046E-27
    0.586289      6.9126290E-23
    0.592152      2.5959563E-27
    0.598074      7.1110416E-28
    0.604054      3.5206233E-28
    0.610095      3.3068027E-28
    0.616196      1.4871021E-28
    0.622358      1.2097680E-28
    0.628582      9.5051009E-29
    0.634867      8.2103911E-29
    0.641216      9.9030187E-29
    0.647628      1.0257639E-28
    0.654104      9.6765914E-29
    0.660645      9.0466940E-29
    0.667252      7.9474492E-29
    0.673924      8.2819225E-29
    0.680664      7.6983382E-29
    0.687470      1.4207434E-27
    0.694345      1.2298642E-28
    0.701288      1.6396576E-28
    0.708301      2.3132053E-28
    0.715384      5.6834647E-28
    0.722538      5.1515279E-28
    0.729764      5.7341025E-28
    0.737061      5.7273857E-28
    0.744432      7.3300447E-28
    0.751876      1.1004715E-27
    0.759395      6.1133229E-27
    0.766989      1.0882510E-23
    0.774659      1.5846166E-27
    0.782405      6.6935911E-28
    0.790229      4.7748240E-28
    0.798132      4.6174825E-28
    0.806113      1.2233281E-27
    0.814174      2.8955477E-26
    0.822316      1.0210732E-27
    0.830539      9.7396493E-28
    0.838844      1.1134347E-27
    0.847233      1.1401535E-27
    0.855705      8.7943144E-28
    0.864262      7.7211149E-28
    0.872905      7.0960842E-28
    0.881634      8.9425299E-28
    0.890450      1.8355120E-27
    0.899355      1.1089713E-27
    0.908348      1.9446129E-27
    0.917432      3.2006044E-27
    0.926606      1.0311770E-26
    0.935872      7.1174954E-27
    0.945231      1.7363091E-26
    0.954683      9.1942982E-27
    0.964230      9.9493225E-27
    0.973872      1.0166791E-26
    0.983611      8.1039336E-27
    0.993447      6.9127794E-27
    1.003382      6.0506967E-27
    1.013416      5.6822974E-27
    1.023550      5.1760525E-27
    1.033785      4.2195016E-27
    1.044123      3.6183204E-27
    1.054564      3.1968865E-27
    1.065110      2.9844012E-27
    1.075761      3.0571707E-27
    1.086519      8.0253291E-27
    1.097384      1.6615038E-26
    1.108358      2.7081605E-26
    1.119441      2.0634314E-26
    1.130636      3.1209168E-26
    1.141942      2.4788630E-26
    1.153361      2.5634297E-26
    1.164895      6.3887660E-26
    1.176544      2.6863169E-26
    1.188309      2.5051435E-26
    1.200192      2.1274009E-26
    1.212194      1.7402183E-26
    1.224316      1.5679243E-26
    1.236560      2.1422170E-26
    1.248925      2.8558418E-26
    1.261414      1.2564445E-26
    1.274028      1.1676266E-26
    1.286769      1.1575923E-26
    1.299636      1.4215632E-26
    1.312633      2.0073331E-26
    1.325759      9.1657660E-25
    1.339017      4.7152339E-25
    1.352407      2.4466801E-25
    1.365931      1.6975071E-25
    1.379590      2.2676802E-25
    1.393386      2.5800456E-25
    1.407320      3.2646573E-25
    1.421393      3.0979446E-25
    1.435607      2.8400580E-25
    1.449963      2.7868106E-25
    1.464463      2.3902954E-25
    1.479108      2.0394165E-25
    1.493899      1.7390634E-25
    1.508838      1.6154401E-25
    1.523926      1.3596825E-25
    1.539165      1.2167707E-25
    1.554557      1.0486046E-25
    1.570102      8.7663407E-26
    1.585803      7.3513844E-26
    1.601662      6.3104111E-26
    1.617678      5.5153111E-26
    1.633855      4.5978416E-26
    1.650193      3.9310485E-26
    1.666695      3.4380390E-26
    1.683362      4.0513615E-26
    1.700196      5.9654922E-26
    1.717198      9.9913876E-26
    1.734370      1.5325133E-25
    1.751714      2.3085165E-25
    1.769231      3.4078307E-25
    1.786923      4.5554900E-25
    1.804792      5.4475295E-25
    1.822840      4.8482568E-25
    1.841069      6.4241072E-25
    1.859479      5.7264037E-25
    1.878074      4.5197577E-25
    1.896855      3.8344979E-25
    1.915823      3.9979020E-25
    1.934982      4.5998454E-25
    1.954331      5.1303796E-25
    1.973875      5.1651295E-25
    1.993613      4.9587326E-25
    2.013550      4.1383478E-25
    2.033685      3.7071500E-25
    2.054022      3.1432395E-25
    2.074562      2.5271357E-25
    2.095308      2.0251181E-25
    2.116261      1.6359909E-25
    2.137423      1.2964741E-25
    2.158798      1.0823124E-25
    2.180386      9.1888094E-26
    2.202190      8.1129547E-26
    2.224211      7.6338548E-26
    2.246454      6.8994258E-26
    2.268918      7.0279498E-26
    2.291607      1.9514494E-25
    2.314523      3.2088897E-25
    2.337669      2.6901655E-25
    2.361045      2.7433786E-25
    2.384656      4.3937177E-25
    2.408502      6.4857076E-25
    2.432587      9.9717780E-25
    2.456913      1.7608158E-24
    2.481482      2.2289620E-24
    2.506297      2.8860777E-24
    2.531360      2.9501592E-24
    2.556674      2.9008406E-24
    2.582240      2.2763238E-24
    2.608063      1.5753733E-24
    2.634143      1.0923706E-24
    2.660485      3.0084786E-24
    2.687090      3.1667262E-24
    2.713961      3.3495651E-24
    2.741100      3.4776208E-24
    2.768511      2.9385216E-24
    2.796196      3.4188806E-24
    2.824158      3.8438625E-24
    2.852400      3.5975847E-24
    2.880924      3.4718279E-24
    2.909733      3.4340932E-24
    2.938830      3.2073051E-24
    2.968219      2.8680671E-24
    2.997901      2.4706535E-24
    3.027880      2.3995045E-24
    3.058159      1.9147063E-24
    3.088740      1.6725226E-24
    3.119628      1.4379557E-24
    3.150824      1.2336156E-24
    3.182332      1.1127928E-24
    3.214156      9.1708037E-25
    3.246297      8.1176492E-25
    3.278760      6.7390450E-25
    3.311548      6.0165907E-25
    3.344663      5.7268738E-25
    3.378110      5.1924781E-25
    3.411891      4.5349950E-25
    3.446010      4.0973698E-25
    3.480470      3.6794041E-25
    3.515275      3.3135737E-25
    3.550427      2.9262664E-25
    3.585932      2.6003494E-25
    3.621791      2.2259522E-25
    3.658009      1.9624061E-25
    3.694589      1.7206075E-25
    3.731535      1.5302361E-25
    3.768850      1.2906216E-25
    3.806539      1.2642349E-25
    3.844604      1.2935476E-25
    3.883050      1.0908037E-25
    3.921881      1.9170423E-25
    3.961099      1.3163718E-25
    4.000710      1.5722383E-25
    4.040718      2.0518014E-25
    4.081125      2.4400095E-25
    4.121936      2.5782780E-25
    4.163155      2.7886419E-25
    4.204787      2.9018561E-25
    4.246835      3.1522821E-25
    4.289303      8.0039451E-25
    4.332196      2.6019563E-24
    4.375518      5.7349876E-24
    4.419273      8.0440320E-24
    4.463466      1.4854181E-23
    4.508101      1.1828580E-23
    4.553182      1.3264372E-23
    4.598714      9.8512901E-24
    4.644701      6.2238567E-24
    4.691148      5.9184795E-24
    4.738059      7.3472466E-24
    4.785440      7.9820159E-24
    4.833294      7.7975109E-24
    4.881627      7.5718314E-24
    4.930443      7.8702432E-24
    4.979748      7.1487576E-24
    5.029545      6.7221391E-24
    5.079841      5.4671762E-24
    5.130639      5.0493852E-24
    5.181946      4.6748339E-24
    5.233765      4.6257239E-24
    5.286103      3.9111386E-24
    5.338964      4.1499863E-24
    5.392353      3.9515725E-24
    5.446277      2.9616886E-24
    5.500740      3.6693032E-24
    5.555747      3.3991071E-24
    5.611304      3.6675622E-24
    5.667418      3.9874809E-24
    5.724092      3.4646276E-24
    5.781333      3.6531721E-24
    5.839146      3.2003647E-24
    5.897537      2.8404237E-24
    5.956513      1.6339745E-24
    6.016078      2.7403925E-24
    6.076239      1.6900951E-24
    6.137001      1.5523236E-24
    6.198371      1.3668352E-24
    6.260355      1.1072196E-24
    6.322958      1.3359659E-24
    6.386188      3.1084020E-24
    6.450050      5.9734618E-24
    6.514550      6.1560814E-24
    6.579696      1.0026622E-23
    6.645493      7.1637007E-24
    6.711948      6.6318648E-24
    6.779067      8.5750121E-24
    6.846858      6.0961597E-24
    6.915326      5.8405350E-24
    6.984480      7.3035134E-24
    7.054324      5.4911987E-24
    7.124868      5.4478379E-24
    7.196116      6.1155530E-24
    7.268078      6.2045161E-24
    7.340758      4.9359221E-24
    7.414166      6.4404295E-24
    7.488308      5.8277040E-24
    7.563191      6.3903658E-24
    7.638823      4.8729357E-24
    7.715211      4.9908462E-24
    7.792363      5.6867074E-24
    7.870286      5.1949640E-24
    7.948989      5.4809009E-24
    8.028479      5.7164854E-24
    8.108764      5.9033127E-24
    8.189852      4.5955689E-24
    8.271750      5.4098091E-24
    8.354468      3.7598048E-24
    8.438012      4.2398302E-24
    8.522393      3.4667132E-24
    8.607616      3.1198624E-24
    8.693693      3.3130092E-24
    8.780630      2.8896890E-24
    8.868436      2.5906163E-24
    8.957120      2.5380908E-24
    9.046691      2.6006255E-24
    9.137158      2.3404371E-24
    9.228530      2.1349914E-24
    9.320815      2.9605904E-24
    9.414023      2.6606826E-24
    9.508164      2.3205604E-24
    9.603245      1.9496860E-24
    9.699278      1.9900156E-24
    9.796270      3.6382748E-24
    9.894233      2.2365984E-24
    9.993175      2.8960923E-24
   10.093107      2.2942851E-24
   10.194038      2.5600034E-24
   10.295979      3.3727722E-24
   10.398938      3.4399041E-24
   10.502928      3.5191111E-24
   10.607957      5.8647173E-24
   10.714037      3.5354257E-24
   10.821177      6.2891469E-24
   10.929389      5.4789070E-24
   11.038683      4.8853721E-24
   11.149070      5.4659588E-24
   11.260560      5.2107502E-24
   11.373166      6.0415178E-24
   11.486898      8.1714372E-24
   11.601766      4.7189006E-24
   11.717784      8.6491643E-24
   11.834962      6.1028963E-24
   11.953312      8.4890876E-24
   12.072845      8.8645502E-24
   12.193573      7.6927573E-24
   12.315509      1.0071625E-23
   12.438664      1.2725690E-23
   12.563051      1.1097714E-23
   12.688681      1.1265736E-23
   12.815568      9.4208070E-24
   12.943724      1.3937929E-23
   13.073161      1.2321027E-23
   13.203892      1.7819149E-23
   13.335931      1.3843107E-23
   13.469291      1.6009049E-23
   13.603984      2.0759733E-23
   13.740023      1.9104959E-23
   13.877424      1.8705902E-23
   14.016198      1.5331041E-23
   14.156360      1.7470438E-23
   14.297924      1.7555926E-23
   14.440903      1.7102210E-23
   14.585312      2.7124584E-23
   14.731165      2.3441026E-23
   14.878477      1.6653614E-23
   15.027261      2.3795199E-23
   15.177534      1.3923553E-23
   15.329309      3.1320512E-23
   15.482602      2.6211006E-23
   15.637428      2.5873823E-23
   15.793803      1.3927241E-23
   15.951741      2.8925652E-23
   16.111258      3.2067152E-23
   16.272371      1.9157784E-23
   16.435094      1.9214796E-23
   16.599445      2.4309608E-23
   16.765440      2.0450835E-23
   16.933094      1.6617244E-23
   17.102425      2.5734139E-23
   17.273449      4.0574571E-23
   17.446184      1.7816580E-23
   17.620646      3.3292743E-23
   17.796852      2.9470128E-23
   17.974821      3.3958908E-23
   18.154569      1.1152928E-23
   18.336115      4.5083447E-23
   18.519476      4.3599687E-23
   18.704670      1.1237324E-23
   18.891717      3.0175631E-23
   19.080634      2.8091707E-23
   19.271441      5.8470045E-23
   19.464155      3.2181726E-23
   19.658797      2.2418385E-23
   19.855385      1.1909367E-23
   20.053938      3.7332070E-23
   20.254478      3.5569932E-23
   20.457023      2.3765819E-23
   20.661593      1.9702947E-23
   20.868209      5.4859207E-23
   21.076891      2.1820184E-23
   21.287660      9.3934034E-24
   21.500536      3.7175799E-23
   21.715542      3.1093245E-23
   21.932697      1.8724057E-23
   22.152024      2.3415436E-23
   22.373544      4.1472968E-23
   22.597280      1.4312668E-23
   22.823253      2.5670387E-23
   23.051485      1.4442209E-23
   23.282000      4.7458180E-23
   23.514820      3.3256409E-23
   23.749968      2.8456474E-23
   23.987468      1.0010699E-23
   24.227343      2.7234733E-23
   24.469616      2.5352952E-23
   24.714312      3.0897804E-23
   24.961455      2.0959065E-23
   25.211070      2.8462329E-23
   25.463180      3.1815152E-23
   25.717812      2.8040511E-23
   25.974990      1.2546293E-23
   26.234740      1.7467334E-23
   26.497088      7.5509848E-23
   26.762059      1.8144060E-23
   27.029679      2.3540835E-23
   27.299976      1.0118481E-23
   27.572976      2.4369093E-23
   27.848705      4.5438519E-23
   28.127193      5.4483545E-23
   28.408464      4.0319598E-23
   28.692549      9.8364698E-24
   28.979475      1.2786838E-23
   29.269269      6.0165239E-23
   29.561962      1.8553505E-23
   29.857582      2.4717490E-23
