# Pressure:     1.000E-05 Ba
# Temperature:    450.000 K
#  lambda [mu]   kappa [cm^2/mol]
    0.500000      4.2939065E-29
    0.505000      3.3335708E-29
    0.510050      1.1124745E-29
    0.515150      1.0708120E-30
    0.520302      2.3953114E-30
    0.525505      2.6649236E-30
    0.530760      1.0739228E-30
    0.536068      1.0479456E-29
    0.541428      2.0932080E-29
    0.546843      9.4080007E-30
    0.552311      1.4766926E-30
    0.557834      1.5012613E-30
    0.563413      1.6590707E-29
    0.569047      2.7780852E-29
    0.574737      2.2367743E-29
    0.580484      1.6766100E-29
    0.586289      3.0526093E-28
    0.592152      2.1682304E-28
    0.598074      7.7789017E-29
    0.604054      8.3639778E-30
    0.610095      9.4973768E-31
    0.616196      3.9132192E-31
    0.622358      2.6394744E-29
    0.628582      2.2518404E-29
    0.634867      2.7711971E-29
    0.641216      1.2077795E-28
    0.647628      1.4482948E-28
    0.654104      1.2169343E-28
    0.660645      2.6261400E-29
    0.667252      3.1533419E-30
    0.673924      2.8683270E-30
    0.680664      1.3674061E-29
    0.687470      3.4679393E-28
    0.694345      2.9332151E-28
    0.701288      3.0784676E-28
    0.708301      2.6983600E-28
    0.715384      2.3969107E-27
    0.722538      2.0801614E-27
    0.729764      8.6171420E-28
    0.737061      2.4382707E-28
    0.744432      4.2486420E-29
    0.751876      7.5136970E-30
    0.759395      2.2993208E-30
    0.766989      1.5395607E-30
    0.774659      1.0546873E-29
    0.782405      1.8731660E-28
    0.790229      1.6975064E-28
    0.798132      2.6689390E-28
    0.806113      1.6094011E-27
    0.814174      1.1957362E-27
    0.822316      1.3473687E-27
    0.830539      1.1783792E-27
    0.838844      5.1830745E-28
    0.847233      4.1378125E-28
    0.855705      3.4173331E-28
    0.864262      4.1213727E-28
    0.872905      5.0405698E-28
    0.881634      1.6353734E-27
    0.890450      1.3666016E-26
    0.899355      8.8839847E-27
    0.908348      6.9930531E-27
    0.917432      2.9009288E-27
    0.926606      4.6103020E-26
    0.935872      2.1320191E-26
    0.945231      4.2689278E-26
    0.954683      2.3295663E-26
    0.964230      6.7244992E-27
    0.973872      4.6950940E-27
    0.983611      2.9009717E-27
    0.993447      2.6860924E-27
    1.003382      2.8547252E-27
    1.013416      1.9896277E-27
    1.023550      2.1680918E-27
    1.033785      6.7430634E-28
    1.044123      2.3527621E-28
    1.054564      1.4607165E-28
    1.065110      2.3656659E-28
    1.075761      4.7905742E-28
    1.086519      1.5204159E-27
    1.097384      6.0319851E-27
    1.108358      4.1929705E-26
    1.119441      6.2538313E-26
    1.130636      8.1219455E-26
    1.141942      4.2235480E-26
    1.153361      7.6340647E-26
    1.164895      7.2586889E-26
    1.176544      3.3041981E-26
    1.188309      1.1333929E-26
    1.200192      3.3125356E-27
    1.212194      1.6164646E-27
    1.224316      8.1004343E-28
    1.236560      3.5121466E-28
    1.248925      1.9023500E-28
    1.261414      1.8373625E-28
    1.274028      5.8859896E-28
    1.286769      2.4572838E-27
    1.299636      7.0407051E-27
    1.312633      1.4138310E-26
    1.325759      5.4509561E-26
    1.339017      2.9880534E-25
    1.352407      9.6054211E-25
    1.365931      5.4832334E-25
    1.379590      8.9492041E-25
    1.393386      7.9853686E-25
    1.407320      5.4085908E-25
    1.421393      2.7378092E-25
    1.435607      1.6795562E-25
    1.449963      6.4758710E-26
    1.464463      6.8594511E-26
    1.479108      4.6465631E-26
    1.493899      1.6217907E-26
    1.508838      7.5198574E-27
    1.523926      2.2775569E-27
    1.539165      1.0016190E-27
    1.554557      1.2787212E-27
    1.570102      5.7507476E-28
    1.585803      7.6156791E-28
    1.601662      6.6302967E-27
    1.617678      6.3912275E-26
    1.633855      1.1506423E-25
    1.650193      7.8642736E-26
    1.666695      1.0889642E-25
    1.683362      1.1884953E-25
    1.700196      1.2656829E-25
    1.717198      1.0360762E-25
    1.734370      9.2839506E-26
    1.751714      7.8661162E-26
    1.769231      1.3513949E-25
    1.786923      2.7631486E-25
    1.804792      5.7393673E-25
    1.822840      8.5811680E-25
    1.841069      9.1246349E-25
    1.859479      1.4927224E-24
    1.878074      3.3739818E-25
    1.896855      6.3461793E-25
    1.915823      6.2719807E-25
    1.934982      3.1063963E-25
    1.954331      1.4029672E-25
    1.973875      3.4162227E-26
    1.993613      1.3570167E-26
    2.013550      6.0824113E-27
    2.033685      2.8250989E-27
    2.054022      2.0506828E-27
    2.074562      1.9520641E-27
    2.095308      4.0667434E-27
    2.116261      1.5234017E-26
    2.137423      3.8483421E-26
    2.158798      7.3894889E-26
    2.180386      1.2805902E-25
    2.202190      2.2562747E-25
    2.224211      5.3130678E-25
    2.246454      9.7961181E-25
    2.268918      9.3908302E-25
    2.291607      9.1494551E-25
    2.314523      1.0315679E-24
    2.337669      1.4008625E-24
    2.361045      1.6699509E-24
    2.384656      6.9607638E-25
    2.408502      4.9883073E-25
    2.432587      3.3674306E-25
    2.456913      2.9784651E-25
    2.481482      5.0057834E-25
    2.506297      1.7029506E-24
    2.531360      2.8828291E-24
    2.556674      7.2308845E-24
    2.582240      7.1605504E-24
    2.608063      3.8734853E-24
    2.634143      2.6287601E-24
    2.660485      1.0951120E-23
    2.687090      4.5458154E-24
    2.713961      3.9115745E-24
    2.741100      6.6051339E-24
    2.768511      4.4190116E-24
    2.796196      2.8684332E-24
    2.824158      2.3602097E-24
    2.852400      1.1370517E-24
    2.880924      6.9470286E-25
    2.909733      4.0616728E-25
    2.938830      3.6117359E-25
    2.968219      1.7892318E-25
    2.997901      1.5858483E-25
    3.027880      1.9345070E-25
    3.058159      1.5535772E-25
    3.088740      5.8758742E-25
    3.119628      1.3457045E-24
    3.150824      4.4854518E-24
    3.182332      1.1012605E-23
    3.214156      1.1628535E-23
    3.246297      8.6275661E-24
    3.278760      4.3069839E-24
    3.311548      1.9589579E-23
    3.344663      5.4453182E-24
    3.378110      8.7723168E-24
    3.411891      6.4803852E-24
    3.446010      4.1147851E-24
    3.480470      1.8057243E-24
    3.515275      1.6759923E-24
    3.550427      8.5186681E-25
    3.585932      6.4564723E-25
    3.621791      3.8960161E-25
    3.658009      3.0748780E-25
    3.694589      3.6532290E-25
    3.731535      1.8936357E-25
    3.768850      2.0627224E-25
    3.806539      8.7024260E-26
    3.844604      1.6273113E-25
    3.883050      9.0156898E-26
    3.921881      8.3390245E-26
    3.961099      6.9430571E-26
    4.000710      5.2552945E-26
    4.040718      5.4002845E-26
    4.081125      4.6669662E-26
    4.121936      6.4029907E-26
    4.163155      5.6801515E-26
    4.204787      4.3159067E-26
    4.246835      3.1392083E-26
    4.289303      1.8008239E-25
    4.332196      4.1141763E-26
    4.375518      4.3098189E-26
    4.419273      5.1394778E-26
    4.463466      4.1219273E-26
    4.508101      5.7027665E-26
    4.553182      3.2205370E-26
    4.598714      3.4221471E-26
    4.644701      5.9794557E-26
    4.691148      7.6393015E-26
    4.738059      2.6824260E-26
    4.785440      3.5172193E-26
    4.833294      3.4607598E-26
    4.881627      8.6354145E-26
    4.930443      1.5065250E-25
    4.979748      2.3891844E-25
    5.029545      5.1252767E-26
    5.079841      1.6591233E-25
    5.130639      4.2007033E-25
    5.181946      7.0550078E-25
    5.233765      6.5265195E-25
    5.286103      2.3509788E-25
    5.338964      5.7843582E-25
    5.392353      3.6769692E-24
    5.446277      7.0407976E-25
    5.500740      1.4779094E-24
    5.555747      1.9160935E-24
    5.611304      2.9260458E-24
    5.667418      5.0886161E-24
    5.724092      5.7300348E-24
    5.781333      4.3133250E-24
    5.839146      6.4535330E-24
    5.897537      3.6933543E-24
    5.956513      1.7676556E-24
    6.016078      4.0720822E-24
    6.076239      1.9336053E-24
    6.137001      8.1490402E-25
    6.198371      2.9790353E-25
    6.260355      2.0922515E-25
    6.322958      9.5571465E-25
    6.386188      4.4153255E-24
    6.450050      5.0966502E-24
    6.514550      5.9218085E-24
    6.579696      2.3894451E-23
    6.645493      2.6677175E-24
    6.711948      1.6398342E-24
    6.779067      3.8987966E-24
    6.846858      2.1512567E-24
    6.915326      1.8911690E-24
    6.984480      2.9418700E-24
    7.054324      1.5429521E-24
    7.124868      2.8166481E-24
    7.196116      3.7175456E-24
    7.268078      6.4969253E-24
    7.340758      9.4772284E-24
    7.414166      1.1770825E-23
    7.488308      7.0269113E-24
    7.563191      3.3902874E-24
    7.638823      5.7983655E-23
    7.715211      1.0812164E-23
    7.792363      6.1825812E-24
    7.870286      6.1650571E-24
    7.948989      5.2852599E-24
    8.028479      5.1636224E-24
    8.108764      3.5284164E-24
    8.189852      2.7730783E-24
    8.271750      1.4877965E-24
    8.354468      1.0670415E-24
    8.438012      4.5049153E-25
    8.522393      2.8759203E-25
    8.607616      1.6514783E-25
    8.693693      8.5613711E-26
    8.780630      6.1450838E-26
    8.868436      8.6008874E-26
    8.957120      3.8222839E-26
    9.046691      2.9005322E-26
    9.137158      2.5304294E-26
    9.228530      2.4418281E-26
    9.320815      2.2672087E-26
    9.414023      1.8433355E-26
    9.508164      1.5129821E-26
    9.603245      1.3890402E-26
    9.699278      1.1809742E-26
    9.796270      2.0391028E-26
    9.894233      4.9219810E-27
    9.993175      1.4175748E-26
   10.093107      1.6043787E-26
   10.194038      1.2440226E-26
   10.295979      2.3058996E-26
   10.398938      1.0515624E-26
   10.502928      9.2683598E-27
   10.607957      3.6020889E-27
   10.714037      1.9026519E-26
   10.821177      6.7068875E-27
   10.929389      1.1496810E-26
   11.038683      2.3277993E-27
   11.149070      3.3316368E-27
   11.260560      1.1625620E-27
   11.373166      1.7971795E-27
   11.486898      3.1172614E-27
   11.601766      4.7211945E-27
   11.717784      7.3876606E-27
   11.834962      8.1093442E-27
   11.953312      1.8625086E-27
   12.072845      1.8378447E-27
   12.193573      1.0898443E-26
   12.315509      1.3254231E-26
   12.438664      2.4443785E-26
   12.563051      2.9730319E-27
   12.688681      1.7189296E-26
   12.815568      4.9359316E-27
   12.943724      1.4451470E-26
   13.073161      9.5811875E-27
   13.203892      2.4596325E-26
   13.335931      5.1414630E-26
   13.469291      1.8905541E-27
   13.603984      2.4161284E-26
   13.740023      9.1563779E-27
   13.877424      1.5426184E-26
   14.016198      1.3097853E-26
   14.156360      6.7274177E-26
   14.297924      6.4786679E-26
   14.440903      7.0772883E-26
   14.585312      1.4274308E-26
   14.731165      1.0252218E-26
   14.878477      1.2267053E-26
   15.027261      4.6681587E-26
   15.177534      1.0489296E-26
   15.329309      1.7656269E-26
   15.482602      7.4758815E-26
   15.637428      1.0108523E-25
   15.793803      3.3707513E-27
   15.951741      7.1101722E-26
   16.111258      6.4860006E-26
   16.272371      2.7544607E-26
   16.435094      2.3488949E-26
   16.599445      1.3719416E-25
   16.765440      1.4033714E-25
   16.933094      5.7510493E-26
   17.102425      1.5006915E-25
   17.273449      1.6483109E-25
   17.446184      8.5900366E-26
   17.620646      5.0320543E-26
   17.796852      9.1401638E-26
   17.974821      5.0194674E-26
   18.154569      1.2211804E-25
   18.336115      2.5937235E-25
   18.519476      3.5306957E-25
   18.704670      5.4595106E-27
   18.891717      2.1657963E-25
   19.080634      4.4679104E-25
   19.271441      5.8130841E-25
   19.464155      2.1107126E-25
   19.658797      1.5608644E-25
   19.855385      1.9484502E-26
   20.053938      1.9076703E-25
   20.254478      1.5772369E-25
   20.457023      3.5508105E-25
   20.661593      3.4656924E-25
   20.868209      3.6953808E-25
   21.076891      4.3659497E-25
   21.287660      2.9124240E-26
   21.500536      5.0034077E-25
   21.715542      2.0125927E-24
   21.932697      5.0801005E-25
   22.152024      6.6623923E-25
   22.373544      8.3161354E-25
   22.597280      3.7583800E-26
   22.823253      3.8873494E-25
   23.051485      1.4116263E-25
   23.282000      1.6689124E-24
   23.514820      1.4265910E-24
   23.749968      1.4341990E-24
   23.987468      4.9735710E-26
   24.227343      6.3316699E-26
   24.469616      6.6581435E-26
   24.714312      1.3172855E-24
   24.961455      3.7478690E-24
   25.211070      1.9152850E-24
   25.463180      1.6166280E-25
   25.717812      6.2293146E-25
   25.974990      1.2718067E-25
   26.234740      8.5508713E-26
   26.497088      6.4020591E-24
   26.762059      5.4155855E-25
   27.029679      6.1901350E-26
   27.299976      3.5549475E-26
   27.572976      1.1620440E-24
   27.848705      2.8898931E-25
   28.127193      6.6741776E-24
   28.408464      4.5096022E-24
   28.692549      8.5166605E-26
   28.979475      3.4090267E-26
   29.269269      6.6474213E-25
   29.561962      2.1009107E-24
   29.857582      2.5402171E-26
