# Pressure:     3.000E-06 Ba
# Temperature:    240.000 K
#  lambda [mu]   kappa [cm^2/mol]
    0.500000      4.4218304E-29
    0.505000      3.5736699E-29
    0.510050      2.9567086E-30
    0.515150      1.7845323E-31
    0.520302      2.2553545E-30
    0.525505      2.7000622E-30
    0.530760      6.2647347E-31
    0.536068      7.6738950E-30
    0.541428      2.5189039E-29
    0.546843      5.5970916E-30
    0.552311      2.4970650E-31
    0.557834      1.2118713E-30
    0.563413      1.0238480E-29
    0.569047      3.3622577E-29
    0.574737      1.3822350E-29
    0.580484      8.6276436E-30
    0.586289      3.3937117E-28
    0.592152      2.0067473E-28
    0.598074      2.0484179E-29
    0.604054      6.9404132E-31
    0.610095      8.2754252E-32
    0.616196      6.2796524E-32
    0.622358      1.7697976E-29
    0.628582      2.1180461E-29
    0.634867      1.4267005E-29
    0.641216      6.2428919E-29
    0.647628      1.3580707E-28
    0.654104      7.0874902E-29
    0.660645      5.7932690E-30
    0.667252      2.4651950E-31
    0.673924      8.7643218E-31
    0.680664      1.0357571E-29
    0.687470      2.2263367E-28
    0.694345      3.4890121E-28
    0.701288      2.1058561E-28
    0.708301      1.5252164E-28
    0.715384      2.3705484E-27
    0.722538      2.0815113E-27
    0.729764      3.0346229E-28
    0.737061      5.1161098E-29
    0.744432      3.7864885E-30
    0.751876      1.1639985E-30
    0.759395      1.5752172E-31
    0.766989      1.7798263E-31
    0.774659      1.2384531E-30
    0.782405      1.1496766E-28
    0.790229      1.4638922E-28
    0.798132      1.9898472E-28
    0.806113      6.2154482E-28
    0.814174      1.1137554E-27
    0.822316      1.0501759E-27
    0.830539      4.6859631E-28
    0.838844      3.5822136E-28
    0.847233      3.2077925E-28
    0.855705      3.4104555E-28
    0.864262      4.8905537E-28
    0.872905      8.2955360E-28
    0.881634      1.3057819E-27
    0.890450      1.6658547E-26
    0.899355      1.0086056E-26
    0.908348      4.5993039E-27
    0.917432      1.5469052E-27
    0.926606      3.7577088E-26
    0.935872      1.9258839E-26
    0.945231      2.0592454E-26
    0.954683      1.0551466E-26
    0.964230      3.7805826E-27
    0.973872      3.2758327E-27
    0.983611      4.5422626E-27
    0.993447      4.6769474E-27
    1.003382      4.2585554E-27
    1.013416      9.2280876E-27
    1.023550      1.4103920E-26
    1.033785      8.2505943E-27
    1.044123      2.3948391E-27
    1.054564      6.6594058E-28
    1.065110      1.0541039E-27
    1.075761      1.3054848E-27
    1.086519      1.3378825E-27
    1.097384      2.1936167E-27
    1.108358      1.5407495E-26
    1.119441      5.6239967E-26
    1.130636      6.9138393E-26
    1.141942      3.0219009E-26
    1.153361      5.8623196E-26
    1.164895      8.1696774E-26
    1.176544      3.6902463E-26
    1.188309      1.3621577E-26
    1.200192      1.8001849E-26
    1.212194      2.0253152E-26
    1.224316      8.8493996E-27
    1.236560      1.6728231E-27
    1.248925      2.5638155E-27
    1.261414      1.7922531E-27
    1.274028      2.9610330E-27
    1.286769      1.1172362E-26
    1.299636      1.5198625E-26
    1.312633      2.0048053E-26
    1.325759      3.5900223E-26
    1.339017      7.6292865E-26
    1.352407      6.6767862E-25
    1.365931      4.7228663E-25
    1.379590      6.1536902E-25
    1.393386      4.4616595E-25
    1.407320      1.7361430E-25
    1.421393      9.9603415E-26
    1.435607      9.3447246E-26
    1.449963      4.4931745E-26
    1.464463      7.4199863E-26
    1.479108      1.1645358E-25
    1.493899      1.9125244E-25
    1.508838      2.0157863E-25
    1.523926      8.7492798E-26
    1.539165      3.9400860E-26
    1.554557      9.3687764E-27
    1.570102      4.4252212E-27
    1.585803      2.5750385E-27
    1.601662      2.4402522E-27
    1.617678      2.1083765E-26
    1.633855      1.3000429E-25
    1.650193      1.0386885E-25
    1.666695      8.0692261E-26
    1.683362      1.0894104E-25
    1.700196      1.6603881E-25
    1.717198      1.2816869E-25
    1.734370      7.0237273E-26
    1.751714      3.6274603E-26
    1.769231      8.3291691E-26
    1.786923      1.1398675E-25
    1.804792      1.7420408E-25
    1.822840      4.1244556E-25
    1.841069      5.7895858E-25
    1.859479      9.2946823E-25
    1.878074      1.5865809E-25
    1.896855      4.1172653E-25
    1.915823      2.4224908E-25
    1.934982      2.3595518E-25
    1.954331      3.0627968E-25
    1.973875      2.9367457E-25
    1.993613      2.3125770E-25
    2.013550      1.0515377E-25
    2.033685      2.3697316E-26
    2.054022      8.8265502E-27
    2.074562      2.5028056E-27
    2.095308      5.4531370E-28
    2.116261      2.6232536E-27
    2.137423      1.6340367E-26
    2.158798      9.2763514E-26
    2.180386      1.2092660E-25
    2.202190      3.0185622E-25
    2.224211      6.8171091E-25
    2.246454      1.1679455E-24
    2.268918      1.3516609E-24
    2.291607      1.5071706E-24
    2.314523      1.1635743E-24
    2.337669      1.4824247E-24
    2.361045      1.5647696E-24
    2.384656      4.8525077E-25
    2.408502      2.2732100E-25
    2.432587      1.0701420E-25
    2.456913      6.0319714E-26
    2.481482      7.1381655E-26
    2.506297      1.8650907E-25
    2.531360      5.1858882E-25
    2.556674      2.8950368E-24
    2.582240      4.1122465E-24
    2.608063      2.7126734E-24
    2.634143      1.7033836E-24
    2.660485      6.3047169E-24
    2.687090      2.2928705E-24
    2.713961      1.5605552E-24
    2.741100      2.5446918E-24
    2.768511      9.8583496E-25
    2.796196      4.8717571E-25
    2.824158      6.7175744E-25
    2.852400      4.7528397E-25
    2.880924      5.2417578E-25
    2.909733      4.9348056E-25
    2.938830      5.0132809E-25
    2.968219      2.6660438E-25
    2.997901      3.2157595E-25
    3.027880      3.1972397E-25
    3.058159      1.9058104E-25
    3.088740      2.9647743E-25
    3.119628      1.9589485E-25
    3.150824      7.0314281E-25
    3.182332      3.8980178E-24
    3.214156      4.0917434E-24
    3.246297      4.3644206E-24
    3.278760      4.2129974E-24
    3.311548      3.2068118E-24
    3.344663      3.6505087E-24
    3.378110      4.3559205E-24
    3.411891      2.2803200E-24
    3.446010      9.1556632E-25
    3.480470      4.6412882E-25
    3.515275      8.0541828E-25
    3.550427      6.4433701E-25
    3.585932      3.9613497E-25
    3.621791      2.4396960E-25
    3.658009      1.4721307E-25
    3.694589      2.1476587E-25
    3.731535      1.0076601E-25
    3.768850      1.1149469E-25
    3.806539      4.2333374E-26
    3.844604      1.2590138E-25
    3.883050      7.0595087E-26
    3.921881      6.1454478E-26
    3.961099      4.1509861E-26
    4.000710      2.6540030E-26
    4.040718      2.2737783E-26
    4.081125      1.2035400E-26
    4.121936      5.7694491E-27
    4.163155      2.1617705E-27
    4.204787      5.9296313E-27
    4.246835      2.6681054E-27
    4.289303      1.6273050E-27
    4.332196      1.2075908E-27
    4.375518      7.6895981E-28
    4.419273      1.1263345E-27
    4.463466      4.6474275E-28
    4.508101      5.2444679E-28
    4.553182      1.8713725E-28
    4.598714      1.8385450E-28
    4.644701      6.9228118E-28
    4.691148      7.7793685E-28
    4.738059      3.9807912E-28
    4.785440      4.2917222E-28
    4.833294      8.4321290E-28
    4.881627      1.3611746E-27
    4.930443      5.4425156E-27
    4.979748      8.9596101E-27
    5.029545      6.6166103E-28
    5.079841      6.2265016E-27
    5.130639      4.1876035E-26
    5.181946      4.3753349E-26
    5.233765      3.1527255E-26
    5.286103      1.6720120E-26
    5.338964      4.4419614E-26
    5.392353      5.8405364E-25
    5.446277      1.0308047E-25
    5.500740      1.9671989E-25
    5.555747      4.3091214E-25
    5.611304      6.4188938E-25
    5.667418      7.8921628E-25
    5.724092      2.0289286E-24
    5.781333      1.3656937E-24
    5.839146      2.7497096E-24
    5.897537      2.0143255E-24
    5.956513      1.4665583E-24
    6.016078      2.9455828E-24
    6.076239      1.3391781E-24
    6.137001      3.9771501E-24
    6.198371      6.3371150E-25
    6.260355      4.7456188E-25
    6.322958      7.8041486E-25
    6.386188      2.3535118E-24
    6.450050      2.8585649E-24
    6.514550      2.0379811E-24
    6.579696      5.1197625E-24
    6.645493      1.0271381E-24
    6.711948      4.5768548E-25
    6.779067      6.5444929E-25
    6.846858      4.5171906E-25
    6.915326      5.5622529E-25
    6.984480      7.2694285E-25
    7.054324      1.4052791E-25
    7.124868      2.4454002E-25
    7.196116      2.8349183E-25
    7.268078      6.5175151E-25
    7.340758      2.8444034E-24
    7.414166      4.3938631E-24
    7.488308      2.1310220E-24
    7.563191      6.3345968E-25
    7.638823      5.2517101E-23
    7.715211      2.5709671E-24
    7.792363      1.3696715E-24
    7.870286      1.5205397E-24
    7.948989      1.1425430E-24
    8.028479      6.9465457E-25
    8.108764      2.6653765E-25
    8.189852      1.5710267E-25
    8.271750      5.6040211E-26
    8.354468      3.4366985E-26
    8.438012      8.0568164E-26
    8.522393      1.0598204E-26
    8.607616      6.5001631E-26
    8.693693      7.0490358E-26
    8.780630      6.0068427E-26
    8.868436      1.3824822E-25
    8.957120      4.6520958E-26
    9.046691      1.8432739E-25
    9.137158      2.5552993E-25
    9.228530      1.2949980E-25
    9.320815      1.7391239E-25
    9.414023      1.2441138E-25
    9.508164      1.9867756E-25
    9.603245      2.3750842E-25
    9.699278      8.9812774E-26
    9.796270      1.3310229E-25
    9.894233      3.2003093E-27
    9.993175      2.6342868E-25
   10.093107      9.9965537E-29
   10.194038      6.5624781E-28
   10.295979      3.0451622E-23
   10.398938      1.3088219E-24
   10.502928      6.8487644E-25
   10.607957      2.2660653E-25
   10.714037      1.9000335E-23
   10.821177      3.9247788E-25
   10.929389      1.0489025E-25
   11.038683      1.7929874E-26
   11.149070      1.5324999E-25
   11.260560      9.5186443E-27
   11.373166      1.9611746E-27
   11.486898      1.9837697E-25
   11.601766      2.1672923E-27
   11.717784      2.3725020E-25
   11.834962      1.1255778E-26
   11.953312      2.1417695E-25
   12.072845      1.5933683E-25
   12.193573      1.2869014E-25
   12.315509      1.3943584E-25
   12.438664      2.9114278E-26
   12.563051      7.7123595E-26
   12.688681      4.3633755E-26
   12.815568      6.0739213E-26
   12.943724      3.5469881E-26
   13.073161      2.5060240E-26
   13.203892      2.7699303E-26
   13.335931      2.4335180E-26
   13.469291      1.0909332E-26
   13.603984      9.0771291E-27
   13.740023      2.3664058E-26
   13.877424      8.6873105E-27
   14.016198      2.9832097E-26
   14.156360      4.5684804E-27
   14.297924      2.7093491E-27
   14.440903      1.8384755E-26
   14.585312      2.4214136E-27
   14.731165      2.9362446E-27
   14.878477      9.1605156E-27
   15.027261      4.1018355E-27
   15.177534      2.2271880E-27
   15.329309      7.3151046E-27
   15.482602      4.5196203E-27
   15.637428      1.0097826E-26
   15.793803      1.0214777E-25
   15.951741      1.1524848E-26
   16.111258      5.4356127E-27
   16.272371      1.7412781E-27
   16.435094      1.0396964E-27
   16.599445      1.8912085E-27
   16.765440      1.5220693E-26
   16.933094      1.0926365E-27
   17.102425      6.9733235E-27
   17.273449      6.7796020E-27
   17.446184      1.2154388E-26
   17.620646      2.1832841E-27
   17.796852      3.0940630E-28
   17.974821      4.4042999E-27
   18.154569      1.9352242E-26
   18.336115      2.0521185E-27
   18.519476      6.2145564E-27
   18.704670      1.2826789E-27
   18.891717      2.3558617E-26
   19.080634      1.4443403E-26
   19.271441      1.2559605E-27
   19.464155      2.6436828E-27
   19.658797      2.2983943E-27
   19.855385      3.7376403E-27
   20.053938      1.7694112E-27
   20.254478      2.0414629E-27
   20.457023      4.1257641E-26
   20.661593      8.3045737E-28
   20.868209      1.6650953E-28
   21.076891      4.7538171E-26
   21.287660      4.0032823E-28
   21.500536      4.8438798E-27
   21.715542      2.7627708E-25
   21.932697      1.5594634E-26
   22.152024      6.9276233E-27
   22.373544      6.6536841E-26
   22.597280      3.3857914E-28
   22.823253      1.8865696E-27
   23.051485      3.4233642E-26
   23.282000      2.7221377E-26
   23.514820      4.1802240E-26
   23.749968      3.6949619E-25
   23.987468      1.1562184E-28
   24.227343      1.8211038E-28
   24.469616      1.9717913E-27
   24.714312      5.4903045E-26
   24.961455      5.4888278E-25
   25.211070      1.2896942E-25
   25.463180      6.0221849E-29
   25.717812      2.4903658E-25
   25.974990      7.0140151E-28
   26.234740      6.7084458E-27
   26.497088      4.4615384E-25
   26.762059      2.6342471E-25
   27.029679      1.9065314E-28
   27.299976      4.2061070E-27
   27.572976      9.3978840E-26
   27.848705      1.5366095E-27
   28.127193      9.1025011E-25
   28.408464      8.2345146E-25
   28.692549      2.6135032E-26
   28.979475      2.9894650E-27
   29.269269      7.3292945E-28
   29.561962      1.7277893E-24
   29.857582      1.2371252E-27
