# Pressure:     3.000E+00 Ba
# Temperature:    280.000 K
#  lambda [mu]   kappa [cm^2/mol]
    0.500000      4.2226875E-29
    0.505000      3.9248891E-29
    0.510050      4.1519334E-30
    0.515150      3.0114357E-31
    0.520302      2.1882043E-30
    0.525505      3.0269285E-30
    0.530760      7.8234298E-31
    0.536068      7.7823130E-30
    0.541428      2.4171809E-29
    0.546843      6.3932968E-30
    0.552311      4.1074831E-31
    0.557834      1.3143561E-30
    0.563413      1.1798269E-29
    0.569047      3.2369522E-29
    0.574737      1.5513742E-29
    0.580484      1.0803986E-29
    0.586289      3.3205783E-28
    0.592152      2.5029373E-28
    0.598074      3.0904293E-29
    0.604054      1.5991697E-30
    0.610095      1.5274921E-31
    0.616196      1.8375787E-31
    0.622358      2.1658099E-29
    0.628582      2.7247379E-29
    0.634867      1.7035368E-29
    0.641216      8.5108273E-29
    0.647628      1.7739742E-28
    0.654104      8.9729841E-29
    0.660645      1.0565708E-29
    0.667252      6.8988833E-31
    0.673924      1.4086208E-30
    0.680664      1.1585761E-29
    0.687470      2.6991928E-28
    0.694345      3.6920492E-28
    0.701288      2.5213656E-28
    0.708301      1.5378069E-28
    0.715384      3.2137681E-27
    0.722538      2.3250632E-27
    0.729764      5.0444522E-28
    0.737061      8.5888264E-29
    0.744432      7.7677602E-30
    0.751876      2.1969457E-30
    0.759395      4.6127862E-31
    0.766989      4.7624453E-31
    0.774659      3.3763112E-30
    0.782405      1.9983676E-28
    0.790229      2.0774319E-28
    0.798132      2.4774472E-28
    0.806113      9.0784885E-28
    0.814174      2.7370012E-27
    0.822316      2.2770710E-27
    0.830539      6.7641083E-28
    0.838844      3.6562901E-28
    0.847233      3.5010940E-28
    0.855705      3.4467214E-28
    0.864262      4.9360639E-28
    0.872905      8.2447643E-28
    0.881634      1.4555835E-27
    0.890450      1.6677114E-26
    0.899355      1.0601198E-26
    0.908348      5.5906423E-27
    0.917432      2.0807269E-27
    0.926606      5.3383084E-26
    0.935872      3.5947772E-26
    0.945231      3.2781913E-26
    0.954683      1.5114024E-26
    0.964230      4.6046140E-27
    0.973872      4.7516423E-27
    0.983611      4.2359211E-27
    0.993447      4.4274742E-27
    1.003382      4.2636848E-27
    1.013416      9.0009066E-27
    1.023550      1.2939231E-26
    1.033785      8.0295623E-27
    1.044123      2.7265750E-27
    1.054564      7.3414508E-28
    1.065110      1.1653235E-27
    1.075761      1.3157646E-27
    1.086519      1.6772410E-27
    1.097384      3.1918324E-27
    1.108358      2.4909820E-26
    1.119441      1.1154724E-25
    1.130636      8.9331089E-26
    1.141942      6.3583158E-26
    1.153361      6.2572847E-26
    1.164895      7.4567817E-26
    1.176544      3.4554895E-26
    1.188309      1.5741956E-26
    1.200192      1.7783867E-26
    1.212194      1.9246606E-26
    1.224316      9.2140082E-27
    1.236560      1.9925709E-27
    1.248925      3.0535970E-27
    1.261414      1.8757867E-27
    1.274028      3.4512244E-27
    1.286769      1.1109124E-26
    1.299636      1.6638099E-26
    1.312633      2.3698401E-26
    1.325759      4.1529821E-26
    1.339017      1.5632077E-25
    1.352407      1.4174428E-24
    1.365931      8.3394120E-25
    1.379590      1.0383915E-24
    1.393386      8.1123450E-25
    1.407320      3.2227901E-25
    1.421393      1.6251661E-25
    1.435607      1.4610698E-25
    1.449963      5.5762020E-26
    1.464463      1.2011184E-25
    1.479108      1.3121514E-25
    1.493899      1.8445578E-25
    1.508838      1.9903989E-25
    1.523926      9.8787950E-26
    1.539165      5.0120062E-26
    1.554557      1.2734823E-26
    1.570102      4.9437079E-27
    1.585803      2.8690031E-27
    1.601662      3.4464757E-27
    1.617678      3.0542099E-26
    1.633855      2.0852431E-25
    1.650193      1.0159847E-25
    1.666695      9.1176326E-26
    1.683362      1.1358589E-25
    1.700196      1.4315521E-25
    1.717198      1.1991222E-25
    1.734370      7.3064156E-26
    1.751714      4.4752499E-26
    1.769231      8.7585601E-26
    1.786923      1.8695740E-25
    1.804792      7.1235095E-25
    1.822840      1.8788216E-24
    1.841069      1.9993365E-24
    1.859479      2.5748529E-24
    1.878074      7.0143149E-25
    1.896855      1.3890722E-24
    1.915823      5.5331877E-25
    1.934982      4.0948315E-25
    1.954331      4.1875780E-25
    1.973875      3.7534205E-25
    1.993613      3.3067991E-25
    2.013550      1.6549424E-25
    2.033685      3.5993258E-26
    2.054022      1.2999375E-26
    2.074562      4.3902606E-27
    2.095308      1.5612865E-27
    2.116261      5.8843915E-27
    2.137423      3.1096191E-26
    2.158798      9.3595435E-26
    2.180386      1.6614543E-25
    2.202190      4.7760928E-25
    2.224211      8.2135232E-25
    2.246454      1.2883303E-24
    2.268918      1.3734745E-24
    2.291607      1.4035599E-24
    2.314523      1.1320756E-24
    2.337669      1.5825540E-24
    2.361045      1.8228216E-24
    2.384656      7.8390538E-25
    2.408502      3.0147992E-25
    2.432587      1.7083330E-25
    2.456913      1.2688882E-25
    2.481482      2.2805849E-25
    2.506297      1.0233050E-24
    2.531360      3.0785072E-24
    2.556674      1.2154017E-23
    2.582240      2.4710281E-23
    2.608063      1.6763871E-23
    2.634143      7.4104298E-24
    2.660485      1.3432515E-23
    2.687090      9.5926593E-24
    2.713961      1.1172642E-23
    2.741100      1.2710018E-23
    2.768511      4.1498423E-24
    2.796196      1.8630045E-24
    2.824158      1.5074904E-24
    2.852400      8.9908763E-25
    2.880924      9.8608399E-25
    2.909733      7.6710923E-25
    2.938830      6.8134614E-25
    2.968219      4.6019266E-25
    2.997901      4.4549268E-25
    3.027880      4.2802666E-25
    3.058159      3.7772648E-25
    3.088740      4.8889503E-25
    3.119628      6.1577474E-25
    3.150824      2.3310077E-24
    3.182332      1.5971160E-23
    3.214156      2.1899703E-23
    3.246297      1.9627898E-23
    3.278760      5.9470519E-24
    3.311548      6.5303800E-24
    3.344663      1.3076017E-23
    3.378110      1.3717617E-23
    3.411891      6.7313503E-24
    3.446010      2.1719325E-24
    3.480470      7.8837129E-25
    3.515275      1.1937845E-24
    3.550427      6.3246473E-25
    3.585932      4.0578684E-25
    3.621791      3.7519537E-25
    3.658009      2.2101190E-25
    3.694589      3.0862963E-25
    3.731535      1.5227781E-25
    3.768850      1.2815386E-25
    3.806539      7.7399362E-26
    3.844604      1.3192353E-25
    3.883050      9.1899433E-26
    3.921881      7.3648294E-26
    3.961099      6.9734558E-26
    4.000710      6.2582348E-26
    4.040718      4.8716734E-26
    4.081125      2.2851829E-26
    4.121936      1.2901560E-26
    4.163155      1.0773472E-26
    4.204787      2.1192795E-26
    4.246835      8.3470399E-27
    4.289303      4.8905927E-27
    4.332196      6.5904587E-27
    4.375518      4.5830130E-27
    4.419273      5.3970692E-27
    4.463466      3.1022613E-27
    4.508101      6.0508214E-27
    4.553182      4.6854008E-27
    4.598714      9.4004607E-27
    4.644701      2.5580824E-26
    4.691148      2.1957895E-26
    4.738059      1.4303557E-26
    4.785440      1.7122145E-26
    4.833294      1.8075339E-26
    4.881627      8.6904988E-26
    4.930443      2.5755261E-25
    4.979748      5.1451708E-25
    5.029545      3.5855608E-26
    5.079841      1.1739156E-25
    5.130639      6.2213783E-25
    5.181946      2.0804696E-24
    5.233765      4.7497775E-25
    5.286103      2.6839592E-25
    5.338964      6.6030792E-25
    5.392353      5.6181040E-24
    5.446277      3.2924406E-24
    5.500740      3.5221101E-24
    5.555747      7.1944287E-24
    5.611304      1.3047773E-23
    5.667418      1.1614572E-23
    5.724092      2.3225983E-23
    5.781333      1.9799266E-23
    5.839146      3.9588493E-23
    5.897537      2.6482398E-23
    5.956513      1.5028695E-23
    6.016078      4.6006932E-23
    6.076239      1.8267772E-23
    6.137001      2.1733962E-23
    6.198371      2.3092639E-24
    6.260355      1.7611370E-24
    6.322958      1.2328098E-23
    6.386188      3.3243211E-23
    6.450050      4.1171676E-23
    6.514550      2.7431449E-23
    6.579696      3.3336712E-23
    6.645493      1.6530890E-23
    6.711948      6.6955212E-24
    6.779067      8.0765482E-24
    6.846858      4.5467142E-24
    6.915326      9.8213885E-24
    6.984480      1.1223365E-23
    7.054324      2.1360103E-24
    7.124868      5.1240582E-24
    7.196116      2.7599339E-24
    7.268078      8.0953993E-24
    7.340758      1.6073771E-23
    7.414166      2.7020303E-23
    7.488308      1.5559167E-23
    7.563191      5.5932279E-24
    7.638823      6.8184416E-23
    7.715211      1.0790927E-23
    7.792363      8.6101383E-24
    7.870286      1.3129837E-23
    7.948989      7.8643123E-24
    8.028479      4.5962581E-24
    8.108764      2.1548324E-24
    8.189852      1.3462017E-24
    8.271750      4.7963179E-25
    8.354468      4.4242869E-25
    8.438012      1.3052771E-24
    8.522393      2.3570975E-25
    8.607616      1.1225945E-24
    8.693693      3.0869164E-24
    8.780630      1.0224604E-24
    8.868436      7.1226630E-24
    8.957120      1.6242082E-24
    9.046691      2.8284684E-24
    9.137158      1.1874880E-23
    9.228530      7.0214933E-24
    9.320815      1.0055755E-23
    9.414023      7.3609989E-24
    9.508164      1.3697756E-23
    9.603245      1.4317742E-23
    9.699278      4.4635442E-24
    9.796270      9.0284309E-24
    9.894233      1.6920696E-24
    9.993175      1.1668813E-23
   10.093107      2.5529609E-25
   10.194038      3.2673308E-25
   10.295979      5.3510658E-23
   10.398938      4.9695414E-24
   10.502928      5.9578825E-24
   10.607957      1.5404698E-24
   10.714037      6.1696357E-23
   10.821177      6.4397202E-24
   10.929389      1.6378371E-24
   11.038683      3.7940474E-25
   11.149070      6.1826373E-24
   11.260560      1.2140143E-24
   11.373166      4.0773229E-25
   11.486898      8.7504940E-24
   11.601766      3.0076440E-25
   11.717784      7.7232414E-24
   11.834962      2.9892491E-25
   11.953312      5.9386664E-24
   12.072845      3.9615593E-24
   12.193573      5.0634077E-24
   12.315509      2.7508237E-24
   12.438664      6.3942977E-25
   12.563051      1.1687946E-24
   12.688681      1.3310249E-24
   12.815568      1.4114752E-24
   12.943724      1.0163604E-24
   13.073161      7.8036678E-25
   13.203892      5.9992288E-25
   13.335931      7.8195099E-25
   13.469291      3.6416076E-25
   13.603984      2.7496731E-25
   13.740023      3.5839409E-25
   13.877424      1.3597490E-25
   14.016198      3.5883972E-25
   14.156360      1.4954688E-25
   14.297924      1.3546434E-25
   14.440903      3.7321697E-25
   14.585312      6.0269426E-26
   14.731165      5.5537875E-26
   14.878477      1.5283940E-25
   15.027261      1.6274701E-25
   15.177534      4.9322820E-26
   15.329309      1.6388484E-25
   15.482602      2.4681892E-25
   15.637428      5.9457148E-25
   15.793803      1.1091468E-24
   15.951741      6.8295081E-25
   16.111258      3.8068836E-25
   16.272371      1.1029852E-25
   16.435094      1.1056838E-25
   16.599445      2.6189527E-25
   16.765440      7.8517488E-25
   16.933094      2.9992566E-25
   17.102425      5.4757513E-25
   17.273449      8.1764343E-25
   17.446184      7.1880914E-25
   17.620646      1.1959607E-25
   17.796852      9.8963336E-26
   17.974821      3.9142260E-25
   18.154569      7.9435042E-25
   18.336115      1.3745067E-25
   18.519476      3.5126028E-25
   18.704670      1.5122531E-25
   18.891717      2.1895544E-24
   19.080634      1.4161668E-24
   19.271441      8.4914583E-25
   19.464155      5.8296668E-25
   19.658797      6.7643812E-25
   19.855385      5.0087806E-25
   20.053938      3.2356536E-25
   20.254478      3.8129993E-25
   20.457023      2.1078121E-24
   20.661593      3.5580458E-25
   20.868209      1.1950028E-24
   21.076891      2.1145743E-24
   21.287660      3.9307749E-25
   21.500536      2.2407290E-24
   21.715542      8.4936941E-24
   21.932697      2.0636178E-24
   22.152024      2.2510600E-24
   22.373544      5.0595866E-24
   22.597280      3.5030058E-25
   22.823253      1.1227617E-24
   23.051485      9.5207557E-25
   23.282000      3.0359909E-24
   23.514820      7.4325224E-24
   23.749968      1.5301091E-23
   23.987468      4.8374760E-25
   24.227343      2.7686758E-25
   24.469616      4.5127946E-25
   24.714312      5.5004754E-24
   24.961455      2.2102275E-23
   25.211070      1.9830200E-23
   25.463180      6.5368474E-25
   25.717812      7.5711000E-24
   25.974990      1.0951847E-24
   26.234740      4.0690540E-24
   26.497088      4.1450594E-23
   26.762059      8.5723615E-24
   27.029679      8.5758096E-25
   27.299976      1.0135131E-24
   27.572976      8.7036174E-24
   27.848705      1.4334292E-23
   28.127193      6.1436201E-23
   28.408464      7.3705669E-23
   28.692549      2.7932117E-24
   28.979475      5.7334160E-24
   29.269269      3.2152191E-24
   29.561962      3.0634254E-23
   29.857582      3.8046269E-24
