# Pressure:     3.000E+00 Ba
# Temperature:    240.000 K
#  lambda [mu]   kappa [cm^2/mol]
    0.500000      5.0619907E-30
    0.505000      4.7811907E-30
    0.510050      3.9442198E-31
    0.515150      1.2077806E-31
    0.520302      3.3808191E-31
    0.525505      4.9558993E-31
    0.530760      1.7519351E-31
    0.536068      8.8141483E-31
    0.541428      3.0838248E-30
    0.546843      7.1473963E-31
    0.552311      9.6447197E-32
    0.557834      2.1951437E-31
    0.563413      1.2976156E-30
    0.569047      4.0305423E-30
    0.574737      1.6437412E-30
    0.580484      1.1115464E-30
    0.586289      3.9916993E-29
    0.592152      2.9387505E-29
    0.598074      2.4235414E-30
    0.604054      1.3640491E-31
    0.610095      6.0348506E-32
    0.616196      6.2138351E-32
    0.622358      2.3534610E-30
    0.628582      3.3534117E-30
    0.634867      1.7261581E-30
    0.641216      8.7244426E-30
    0.647628      2.2028243E-29
    0.654104      9.1671742E-30
    0.660645      9.3323550E-31
    0.667252      7.1736511E-32
    0.673924      1.5912292E-31
    0.680664      1.3058580E-30
    0.687470      2.7757691E-29
    0.694345      4.6806754E-29
    0.701288      2.6998872E-29
    0.708301      1.5394501E-29
    0.715384      4.0172651E-28
    0.722538      2.7594497E-28
    0.729764      4.7967844E-29
    0.737061      6.3211153E-30
    0.744432      4.7988597E-31
    0.751876      2.3497631E-31
    0.759395      5.6661016E-32
    0.766989      5.5724936E-32
    0.774659      2.7448869E-31
    0.782405      2.1554528E-29
    0.790229      2.5408605E-29
    0.798132      2.8816046E-29
    0.806113      8.1905546E-29
    0.814174      3.6050350E-28
    0.822316      2.8093135E-28
    0.830539      1.5682067E-28
    0.838844      2.8822294E-28
    0.847233      2.8130992E-28
    0.855705      3.3058060E-28
    0.864262      4.7674170E-28
    0.872905      7.9653239E-28
    0.881634      1.2580021E-27
    0.890450      1.3794516E-26
    0.899355      7.7336242E-27
    0.908348      1.0959622E-27
    0.917432      4.5394103E-28
    0.926606      6.5351401E-27
    0.935872      4.7395170E-27
    0.945231      3.6804342E-27
    0.954683      1.6268785E-27
    0.964230      1.0370603E-27
    0.973872      1.7542738E-27
    0.983611      4.0441778E-27
    0.993447      4.4365408E-27
    1.003382      4.0353039E-27
    1.013416      8.6268676E-27
    1.023550      1.3827371E-26
    1.033785      7.9788192E-27
    1.044123      2.3185342E-27
    1.054564      6.1928010E-28
    1.065110      1.0626242E-27
    1.075761      1.0949763E-27
    1.086519      9.6363187E-28
    1.097384      8.9149926E-28
    1.108358      3.5566914E-27
    1.119441      2.5654853E-26
    1.130636      2.1447084E-26
    1.141942      1.1776560E-26
    1.153361      4.8211789E-26
    1.164895      7.4451227E-26
    1.176544      3.1947229E-26
    1.188309      1.2885318E-26
    1.200192      1.6637914E-26
    1.212194      1.9407135E-26
    1.224316      8.9474543E-27
    1.236560      1.4716968E-27
    1.248925      2.8281001E-27
    1.261414      1.9702134E-27
    1.274028      2.8288842E-27
    1.286769      1.0695459E-26
    1.299636      1.3934113E-26
    1.312633      1.7966380E-26
    1.325759      2.5619824E-26
    1.339017      3.0579070E-26
    1.352407      1.9995828E-25
    1.365931      1.3668108E-25
    1.379590      1.6348475E-25
    1.393386      1.4197078E-25
    1.407320      5.6467055E-26
    1.421393      2.8809985E-26
    1.435607      3.4664065E-26
    1.449963      1.9705871E-26
    1.464463      4.8849219E-26
    1.479108      1.0471768E-25
    1.493899      1.9459622E-25
    1.508838      2.0446615E-25
    1.523926      9.7629666E-26
    1.539165      4.2772405E-26
    1.554557      9.2410198E-27
    1.570102      4.1902894E-27
    1.585803      2.2902930E-27
    1.601662      2.2515982E-27
    1.617678      2.0628678E-26
    1.633855      2.0320651E-25
    1.650193      1.1009945E-25
    1.666695      8.6732949E-26
    1.683362      1.0527833E-25
    1.700196      1.4949703E-25
    1.717198      1.2601659E-25
    1.734370      6.5306988E-26
    1.751714      3.1877411E-26
    1.769231      6.9338206E-26
    1.786923      8.6671206E-26
    1.804792      9.6520887E-26
    1.822840      2.3569682E-25
    1.841069      2.7163149E-25
    1.859479      3.1707657E-25
    1.878074      9.6506901E-26
    1.896855      1.7355318E-25
    1.915823      9.9384900E-26
    1.934982      2.7596401E-25
    1.954331      4.1871139E-25
    1.973875      3.9037779E-25
    1.993613      3.3737256E-25
    2.013550      1.3786270E-25
    2.033685      2.5544000E-26
    2.054022      9.5986068E-27
    2.074562      2.5156634E-27
    2.095308      5.5545524E-28
    2.116261      3.2441383E-27
    2.137423      2.4855057E-26
    2.158798      9.2192523E-26
    2.180386      1.3147695E-25
    2.202190      4.5369562E-25
    2.224211      8.1209283E-25
    2.246454      1.2602800E-24
    2.268918      1.4548786E-24
    2.291607      1.5079720E-24
    2.314523      1.0988721E-24
    2.337669      1.5871209E-24
    2.361045      1.8460158E-24
    2.384656      7.3033558E-25
    2.408502      2.2552890E-25
    2.432587      9.8924401E-26
    2.456913      4.1424342E-26
    2.481482      3.8202934E-26
    2.506297      9.1221310E-26
    2.531360      2.7166255E-25
    2.556674      1.4385673E-24
    2.582240      3.1970390E-24
    2.608063      2.3147702E-24
    2.634143      9.6374754E-25
    2.660485      1.4752477E-24
    2.687090      1.2354866E-24
    2.713961      1.2826170E-24
    2.741100      1.2916503E-24
    2.768511      3.6056842E-25
    2.796196      2.1367131E-25
    2.824158      3.6839077E-25
    2.852400      4.2200549E-25
    2.880924      6.4730661E-25
    2.909733      6.9060224E-25
    2.938830      5.9344255E-25
    2.968219      3.7899423E-25
    2.997901      2.9707332E-25
    3.027880      2.9949380E-25
    3.058159      2.6798338E-25
    3.088740      3.2435283E-25
    3.119628      2.5868804E-25
    3.150824      1.1545731E-24
    3.182332      1.2781659E-23
    3.214156      2.2230048E-23
    3.246297      2.1765472E-23
    3.278760      6.4565794E-24
    3.311548      4.6296101E-24
    3.344663      1.4515315E-23
    3.378110      1.3244158E-23
    3.411891      5.3261220E-24
    3.446010      1.3788144E-24
    3.480470      5.8119599E-25
    3.515275      1.2029844E-24
    3.550427      6.4142568E-25
    3.585932      3.8973152E-25
    3.621791      3.6985452E-25
    3.658009      1.9576464E-25
    3.694589      2.8543166E-25
    3.731535      1.4245478E-25
    3.768850      1.0862036E-25
    3.806539      7.8111572E-26
    3.844604      1.2555923E-25
    3.883050      8.9754376E-26
    3.921881      6.9563647E-26
    3.961099      6.5809311E-26
    4.000710      5.8177994E-26
    4.040718      4.3311349E-26
    4.081125      1.8683369E-26
    4.121936      8.5419137E-27
    4.163155      6.2715659E-27
    4.204787      1.5379703E-26
    4.246835      5.3913331E-27
    4.289303      2.4989459E-27
    4.332196      4.3057012E-27
    4.375518      2.2049048E-27
    4.419273      2.0471065E-27
    4.463466      8.1131453E-28
    4.508101      6.5296579E-28
    4.553182      2.9774129E-28
    4.598714      2.7072427E-28
    4.644701      9.2471782E-28
    4.691148      6.9030338E-28
    4.738059      7.0164673E-28
    4.785440      9.8927471E-28
    4.833294      1.4087867E-27
    4.881627      4.6010078E-27
    4.930443      1.5895896E-26
    4.979748      3.8168587E-26
    5.029545      2.9048301E-27
    5.079841      8.9377001E-27
    5.130639      5.2509698E-26
    5.181946      1.9146285E-25
    5.233765      4.3571674E-26
    5.286103      3.3522258E-26
    5.338964      6.9993298E-26
    5.392353      6.2897908E-25
    5.446277      3.7095965E-25
    5.500740      4.3636260E-25
    5.555747      9.8765282E-25
    5.611304      1.8303758E-24
    5.667418      1.9563356E-24
    5.724092      4.1070460E-24
    5.781333      3.3570497E-24
    5.839146      6.0385163E-24
    5.897537      5.0209883E-24
    5.956513      2.6214405E-24
    6.016078      6.6358390E-24
    6.076239      4.0779846E-24
    6.137001      8.8761350E-24
    6.198371      1.3274929E-24
    6.260355      1.0692111E-24
    6.322958      2.5858379E-24
    6.386188      5.7615857E-24
    6.450050      7.1468863E-24
    6.514550      4.4343344E-24
    6.579696      5.1346531E-24
    6.645493      2.7411793E-24
    6.711948      1.2868612E-24
    6.779067      1.3357764E-24
    6.846858      7.2011888E-25
    6.915326      1.1138848E-24
    6.984480      1.1516366E-24
    7.054324      2.4598004E-25
    7.124868      5.0444055E-25
    7.196116      6.6271777E-25
    7.268078      3.4829166E-24
    7.340758      1.4239003E-23
    7.414166      2.6564316E-23
    7.488308      1.7690029E-23
    7.563191      5.8586784E-24
    7.638823      7.0193034E-23
    7.715211      1.0547084E-23
    7.792363      8.6883250E-24
    7.870286      1.2849788E-23
    7.948989      6.7797927E-24
    8.028479      3.3588517E-24
    8.108764      1.2437583E-24
    8.189852      5.7412627E-25
    8.271750      1.7883288E-25
    8.354468      1.3988347E-25
    8.438012      6.2877847E-25
    8.522393      1.0032830E-25
    8.607616      5.7703844E-25
    8.693693      2.3242719E-24
    8.780630      6.5921446E-25
    8.868436      5.8987511E-24
    8.957120      1.2842290E-24
    9.046691      2.3356545E-24
    9.137158      1.1866622E-23
    9.228530      6.4622733E-24
    9.320815      1.0831782E-23
    9.414023      7.4434944E-24
    9.508164      1.5552924E-23
    9.603245      1.5685254E-23
    9.699278      5.1283301E-24
    9.796270      1.0446454E-23
    9.894233      1.8916946E-24
    9.993175      1.3992373E-23
   10.093107      2.3561058E-25
   10.194038      2.9801476E-25
   10.295979      5.8718818E-23
   10.398938      3.0190012E-24
   10.502928      6.5976967E-24
   10.607957      1.0648787E-24
   10.714037      6.6792054E-23
   10.821177      5.0383171E-24
   10.929389      1.2627634E-24
   11.038683      2.6496974E-25
   11.149070      7.3787419E-24
   11.260560      1.1932791E-24
   11.373166      3.7712702E-25
   11.486898      8.9908118E-24
   11.601766      2.4515236E-25
   11.717784      7.9427726E-24
   11.834962      1.9090318E-25
   11.953312      6.0700906E-24
   12.072845      3.3979127E-24
   12.193573      4.7150421E-24
   12.315509      2.1654587E-24
   12.438664      4.3113181E-25
   12.563051      9.5157752E-25
   12.688681      8.0675186E-25
   12.815568      9.5858716E-25
   12.943724      6.8756570E-25
   13.073161      4.4848269E-25
   13.203892      3.3469033E-25
   13.335931      3.3411350E-25
   13.469291      1.5968208E-25
   13.603984      1.1346208E-25
   13.740023      1.5543974E-25
   13.877424      4.4320868E-26
   14.016198      1.2773872E-25
   14.156360      2.8478925E-26
   14.297924      1.5937652E-26
   14.440903      8.0589052E-26
   14.585312      1.0531767E-26
   14.731165      1.1618981E-26
   14.878477      4.3684127E-26
   15.027261      1.3076208E-26
   15.177534      8.8046872E-27
   15.329309      6.1653817E-26
   15.482602      2.3576091E-26
   15.637428      6.8853100E-26
   15.793803      4.6849381E-25
   15.951741      2.0592497E-25
   16.111258      5.3071769E-26
   16.272371      1.4791260E-26
   16.435094      7.6483299E-27
   16.599445      9.7084555E-27
   16.765440      5.0566968E-26
   16.933094      1.6520144E-26
   17.102425      2.5501381E-26
   17.273449      4.2967764E-26
   17.446184      1.0005775E-25
   17.620646      1.1077552E-26
   17.796852      7.0911922E-27
   17.974821      1.1740019E-25
   18.154569      8.2891295E-26
   18.336115      9.8452163E-27
   18.519476      4.0723063E-26
   18.704670      3.9019706E-26
   18.891717      1.4020183E-25
   19.080634      9.1965086E-26
   19.271441      4.7567086E-26
   19.464155      2.7430678E-26
   19.658797      4.8589055E-26
   19.855385      3.9841306E-26
   20.053938      1.5113235E-26
   20.254478      2.4451670E-26
   20.457023      1.6359625E-25
   20.661593      1.5879376E-26
   20.868209      3.7181785E-26
   21.076891      1.5207172E-25
   21.287660      1.7599559E-26
   21.500536      5.5239219E-26
   21.715542      6.2785622E-25
   21.932697      7.0153576E-26
   22.152024      4.1321792E-26
   22.373544      2.2601222E-25
   22.597280      2.5354903E-26
   22.823253      2.6472268E-26
   23.051485      9.7506160E-26
   23.282000      1.0252401E-25
   23.514820      3.4543807E-25
   23.749968      1.0182121E-24
   23.987468      3.5102677E-26
   24.227343      1.8974890E-26
   24.469616      2.7989230E-26
   24.714312      2.2317078E-25
   24.961455      1.2966547E-24
   25.211070      7.3695876E-25
   25.463180      4.7683167E-26
   25.717812      7.6817961E-25
   25.974990      7.4047628E-26
   26.234740      2.0080337E-25
   26.497088      1.9475305E-24
   26.762059      8.0765035E-25
   27.029679      6.8656726E-26
   27.299976      7.6135372E-26
   27.572976      4.6596459E-25
   27.848705      1.0720426E-24
   28.127193      3.6125446E-24
   28.408464      4.3883325E-24
   28.692549      2.1862506E-25
   28.979475      4.2864822E-25
   29.269269      3.0097479E-25
   29.561962      3.3099584E-24
   29.857582      3.8467904E-25
