# Pressure:     1.000E-05 Ba
# Temperature:    260.000 K
#  lambda [mu]   kappa [cm^2/mol]
    0.500000      4.4045405E-29
    0.505000      3.5256938E-29
    0.510050      3.7634949E-30
    0.515150      2.3957975E-31
    0.520302      2.2427179E-30
    0.525505      2.7259287E-30
    0.530760      6.7890549E-31
    0.536068      7.9128889E-30
    0.541428      2.4338787E-29
    0.546843      5.9603648E-30
    0.552311      3.3352364E-31
    0.557834      1.2337573E-30
    0.563413      1.0962907E-29
    0.569047      3.2895733E-29
    0.574737      1.4798377E-29
    0.580484      9.3761192E-30
    0.586289      3.3145888E-28
    0.592152      2.0205440E-28
    0.598074      2.6125006E-29
    0.604054      1.0510516E-30
    0.610095      1.1665262E-31
    0.616196      9.0563458E-32
    0.622358      1.8754796E-29
    0.628582      2.1158171E-29
    0.634867      1.5684208E-29
    0.641216      6.7430291E-29
    0.647628      1.3613162E-28
    0.654104      7.6657705E-29
    0.660645      7.2581667E-30
    0.667252      3.8176661E-31
    0.673924      1.0270099E-30
    0.680664      1.0444715E-29
    0.687470      2.3514422E-28
    0.694345      3.4074658E-28
    0.701288      2.2167956E-28
    0.708301      1.6110954E-28
    0.715384      2.3607769E-27
    0.722538      2.0613405E-27
    0.729764      3.5162774E-28
    0.737061      6.6085135E-29
    0.744432      5.3492929E-30
    0.751876      1.4009258E-30
    0.759395      2.4383878E-31
    0.766989      2.3726366E-31
    0.774659      1.7089094E-30
    0.782405      1.2359426E-28
    0.790229      1.4871923E-28
    0.798132      2.0536227E-28
    0.806113      7.1508441E-28
    0.814174      1.1104222E-27
    0.822316      1.0611151E-27
    0.830539      5.3668358E-28
    0.838844      3.6209199E-28
    0.847233      3.2729209E-28
    0.855705      3.3904519E-28
    0.864262      4.8315203E-28
    0.872905      8.0633838E-28
    0.881634      1.3206473E-27
    0.890450      1.6342591E-26
    0.899355      1.0016146E-26
    0.908348      4.8925332E-27
    0.917432      1.6358434E-27
    0.926606      3.8961390E-26
    0.935872      1.9466012E-26
    0.945231      2.2051334E-26
    0.954683      1.1871659E-26
    0.964230      3.9570278E-27
    0.973872      3.4426657E-27
    0.983611      4.3851179E-27
    0.993447      4.5351554E-27
    1.003382      4.2178218E-27
    1.013416      8.8976044E-27
    1.023550      1.2937765E-26
    1.033785      7.7790911E-27
    1.044123      2.4411402E-27
    1.054564      6.7270792E-28
    1.065110      1.0294860E-27
    1.075761      1.2369932E-27
    1.086519      1.3899356E-27
    1.097384      2.3869427E-27
    1.108358      1.8017947E-26
    1.119441      5.7184250E-26
    1.130636      6.9985725E-26
    1.141942      3.1287343E-26
    1.153361      6.1232932E-26
    1.164895      8.0383337E-26
    1.176544      3.7063841E-26
    1.188309      1.3971244E-26
    1.200192      1.6755211E-26
    1.212194      1.8695382E-26
    1.224316      8.4394516E-27
    1.236560      1.7979069E-27
    1.248925      2.5146354E-27
    1.261414      1.6832752E-27
    1.274028      3.1004135E-27
    1.286769      1.0574916E-26
    1.299636      1.4630455E-26
    1.312633      1.9780231E-26
    1.325759      3.7632291E-26
    1.339017      9.2927373E-26
    1.352407      7.0390411E-25
    1.365931      4.7689868E-25
    1.379590      6.4492958E-25
    1.393386      4.8803613E-25
    1.407320      2.0646434E-25
    1.421393      1.1421401E-25
    1.435607      1.0029670E-25
    1.449963      4.6244013E-26
    1.464463      7.6889287E-26
    1.479108      1.1552832E-25
    1.493899      1.7496197E-25
    1.508838      1.8775248E-25
    1.523926      8.4030062E-26
    1.539165      4.0844797E-26
    1.554557      1.0411361E-26
    1.570102      4.4500562E-27
    1.585803      2.6683276E-27
    1.601662      2.9515109E-27
    1.617678      2.5887968E-26
    1.633855      1.3032955E-25
    1.650193      1.0169046E-25
    1.666695      8.3577116E-26
    1.683362      1.1276513E-25
    1.700196      1.6099402E-25
    1.717198      1.2509183E-25
    1.734370      7.3199892E-26
    1.751714      4.0293430E-26
    1.769231      8.4091393E-26
    1.786923      1.2525180E-25
    1.804792      2.0845774E-25
    1.822840      4.4864638E-25
    1.841069      6.0399273E-25
    1.859479      9.8625326E-25
    1.878074      1.7525526E-25
    1.896855      4.3967823E-25
    1.915823      2.8990604E-25
    1.934982      2.4853579E-25
    1.954331      2.9552561E-25
    1.973875      2.7447291E-25
    1.993613      2.2525146E-25
    2.013550      1.1005466E-25
    2.033685      2.7187208E-26
    2.054022      9.6364522E-27
    2.074562      3.0593520E-27
    2.095308      9.0406682E-28
    2.116261      3.8271856E-27
    2.137423      1.9188189E-26
    2.158798      9.2821650E-26
    2.180386      1.3559011E-25
    2.202190      3.1128652E-25
    2.224211      6.9272726E-25
    2.246454      1.1784293E-24
    2.268918      1.3255102E-24
    2.291607      1.4454480E-24
    2.314523      1.1668325E-24
    2.337669      1.4831357E-24
    2.361045      1.5908341E-24
    2.384656      5.1762311E-25
    2.408502      2.5866305E-25
    2.432587      1.2475896E-25
    2.456913      7.1498842E-26
    2.481482      9.2974227E-26
    2.506297      2.8080654E-25
    2.531360      6.7024965E-25
    2.556674      3.2908713E-24
    2.582240      4.4342488E-24
    2.608063      2.8063093E-24
    2.634143      1.7901640E-24
    2.660485      6.5118860E-24
    2.687090      2.4953708E-24
    2.713961      1.7628566E-24
    2.741100      2.9416132E-24
    2.768511      1.2925016E-24
    2.796196      6.5934077E-25
    2.824158      7.9783555E-25
    2.852400      5.2348492E-25
    2.880924      5.6473867E-25
    2.909733      4.9720783E-25
    2.938830      5.0008383E-25
    2.968219      2.6768602E-25
    2.997901      3.2597469E-25
    3.027880      3.1825147E-25
    3.058159      1.9842142E-25
    3.088740      3.0339721E-25
    3.119628      2.5373581E-25
    3.150824      9.5369444E-25
    3.182332      4.6126091E-24
    3.214156      4.7985396E-24
    3.246297      4.8374466E-24
    3.278760      4.2229641E-24
    3.311548      4.3130470E-24
    3.344663      3.8927133E-24
    3.378110      4.8325081E-24
    3.411891      2.6895973E-24
    3.446010      1.1554703E-24
    3.480470      5.2285289E-25
    3.515275      8.6795283E-25
    3.550427      6.4487488E-25
    3.585932      4.2481164E-25
    3.621791      2.6347479E-25
    3.658009      1.6678026E-25
    3.694589      2.3302620E-25
    3.731535      1.0949228E-25
    3.768850      1.1977270E-25
    3.806539      4.7433740E-26
    3.844604      1.3152538E-25
    3.883050      7.3852473E-26
    3.921881      6.4853997E-26
    3.961099      4.6137224E-26
    4.000710      3.0990765E-26
    4.040718      2.6759350E-26
    4.081125      1.4474602E-26
    4.121936      7.7608048E-27
    4.163155      3.7832839E-27
    4.204787      7.7335599E-27
    4.246835      3.9456112E-27
    4.289303      2.4202688E-27
    4.332196      1.9377668E-27
    4.375518      1.4421733E-27
    4.419273      1.9224028E-27
    4.463466      9.5537926E-28
    4.508101      1.8502630E-27
    4.553182      7.7101684E-28
    4.598714      8.5824432E-28
    4.644701      2.6730466E-27
    4.691148      2.8088082E-27
    4.738059      1.3219820E-27
    4.785440      1.6925241E-27
    4.833294      1.9754803E-27
    4.881627      4.1438877E-27
    4.930443      1.0800520E-26
    4.979748      1.9200773E-26
    5.029545      1.6393392E-27
    5.079841      1.4409996E-26
    5.130639      6.3830813E-26
    5.181946      7.5652047E-26
    5.233765      7.3179846E-26
    5.286103      2.5790987E-26
    5.338964      7.6832481E-26
    5.392353      8.7262348E-25
    5.446277      1.4823601E-25
    5.500740      2.7618584E-25
    5.555747      5.6328845E-25
    5.611304      8.0242661E-25
    5.667418      1.1165191E-24
    5.724092      2.4048420E-24
    5.781333      1.6387208E-24
    5.839146      3.0947803E-24
    5.897537      2.1928370E-24
    5.956513      1.5107816E-24
    6.016078      3.0116990E-24
    6.076239      1.4216769E-24
    6.137001      3.9206393E-24
    6.198371      7.1427716E-25
    6.260355      4.9281281E-25
    6.322958      8.1243386E-25
    6.386188      2.5552852E-24
    6.450050      3.0163279E-24
    6.514550      2.4560879E-24
    6.579696      6.5070161E-24
    6.645493      1.2153741E-24
    6.711948      6.0876972E-25
    6.779067      9.0044894E-25
    6.846858      6.2441728E-25
    6.915326      6.8637287E-25
    6.984480      9.0039851E-25
    7.054324      2.2888028E-25
    7.124868      3.9619304E-25
    7.196116      4.6642274E-25
    7.268078      1.0312243E-24
    7.340758      3.5059945E-24
    7.414166      5.1047068E-24
    7.488308      2.7045285E-24
    7.563191      8.6924014E-25
    7.638823      5.4265017E-23
    7.715211      3.3026828E-24
    7.792363      1.7878501E-24
    7.870286      1.9500568E-24
    7.948989      1.5512753E-24
    8.028479      1.0668379E-24
    8.108764      4.8723522E-25
    8.189852      3.3341435E-25
    8.271750      1.3552205E-25
    8.354468      1.0134276E-25
    8.438012      1.5276719E-25
    8.522393      3.0770513E-26
    8.607616      1.3782715E-25
    8.693693      1.3542681E-25
    8.780630      1.1166633E-25
    8.868436      2.5919379E-25
    8.957120      7.8769906E-26
    9.046691      2.8368332E-25
    9.137158      3.2489904E-25
    9.228530      1.7274491E-25
    9.320815      1.9777968E-25
    9.414023      1.5563996E-25
    9.508164      2.2170951E-25
    9.603245      2.3903551E-25
    9.699278      9.5524027E-26
    9.796270      1.3622753E-25
    9.894233      6.4940983E-27
    9.993175      2.5980446E-25
   10.093107      5.1563328E-28
   10.194038      2.4451492E-27
   10.295979      2.8438481E-23
   10.398938      1.8606114E-24
   10.502928      9.1431097E-25
   10.607957      3.7466778E-25
   10.714037      1.9384957E-23
   10.821177      6.2272873E-25
   10.929389      2.2926680E-25
   11.038683      5.4031329E-26
   11.149070      1.7314349E-25
   11.260560      1.9224439E-26
   11.373166      8.3848274E-27
   11.486898      2.3926451E-25
   11.601766      8.6691775E-27
   11.717784      2.9120830E-25
   11.834962      2.5300231E-26
   11.953312      2.9004098E-25
   12.072845      2.7757653E-25
   12.193573      1.9404497E-25
   12.315509      2.1811719E-25
   12.438664      5.0633096E-26
   12.563051      1.3257606E-25
   12.688681      8.7195305E-26
   12.815568      1.1045785E-25
   12.943724      6.7924317E-26
   13.073161      4.9300738E-26
   13.203892      6.4354986E-26
   13.335931      5.8246511E-26
   13.469291      2.9671127E-26
   13.603984      3.0322889E-26
   13.740023      5.4137046E-26
   13.877424      2.4679638E-26
   14.016198      7.5807102E-26
   14.156360      2.0390446E-26
   14.297924      9.0500443E-27
   14.440903      4.4040362E-26
   14.585312      9.0306571E-27
   14.731165      1.1173709E-26
   14.878477      2.3239525E-26
   15.027261      1.3157856E-26
   15.177534      9.8233666E-27
   15.329309      2.0675955E-26
   15.482602      1.9646596E-26
   15.637428      2.8009282E-26
   15.793803      2.1973998E-25
   15.951741      3.8672736E-26
   16.111258      2.1203682E-26
   16.272371      1.2165305E-26
   16.435094      9.9102485E-27
   16.599445      8.8025445E-27
   16.765440      2.7013763E-26
   16.933094      4.5497419E-27
   17.102425      1.3206205E-26
   17.273449      1.3896389E-26
   17.446184      2.1286208E-26
   17.620646      3.3247386E-27
   17.796852      3.4781716E-27
   17.974821      1.4907144E-26
   18.154569      3.0243395E-26
   18.336115      4.0492925E-27
   18.519476      1.2534792E-26
   18.704670      5.0623414E-27
   18.891717      3.6775987E-26
   19.080634      3.4736200E-26
   19.271441      9.7373690E-27
   19.464155      1.1720064E-26
   19.658797      1.3443767E-26
   19.855385      2.8044012E-26
   20.053938      1.1723961E-26
   20.254478      1.6337654E-26
   20.457023      5.4170371E-26
   20.661593      7.6499017E-27
   20.868209      8.0704426E-27
   21.076891      6.7532821E-26
   21.287660      3.5819504E-27
   21.500536      2.1706073E-26
   21.715542      3.5081425E-25
   21.932697      3.8469073E-26
   22.152024      3.1613579E-26
   22.373544      1.0065341E-25
   22.597280      3.4875219E-27
   22.823253      1.2503215E-26
   23.051485      3.9503689E-26
   23.282000      7.6997720E-26
   23.514820      1.1671740E-25
   23.749968      4.7203771E-25
   23.987468      2.8104907E-27
   24.227343      4.0122506E-27
   24.469616      5.8933964E-27
   24.714312      1.1277146E-25
   24.961455      7.5317503E-25
   25.211070      2.5895123E-25
   25.463180      2.8356760E-27
   25.717812      2.6711538E-25
   25.974990      4.9757519E-27
   26.234740      1.1216989E-26
   26.497088      7.3031336E-25
   26.762059      2.8431612E-25
   27.029679      1.8262098E-27
   27.299976      7.7412668E-27
   27.572976      1.7430135E-25
   27.848705      6.8045190E-27
   28.127193      1.3609358E-24
   28.408464      1.2575504E-24
   28.692549      2.9329642E-26
   28.979475      7.9450534E-27
   29.269269      1.1199589E-26
   29.561962      1.7734261E-24
   29.857582      1.0671433E-26
