# Pressure:     3.000E-04 Ba
# Temperature:   2800.000 K
#  lambda [mu]   kappa [cm^2/mol]
    0.500000      2.6111857E-32
    0.505000      2.4020085E-32
    0.510050      2.5721250E-32
    0.515150      2.1518040E-32
    0.520302      2.1386407E-32
    0.525505      2.0342102E-32
    0.530760      2.8943381E-32
    0.536068      2.3814750E-32
    0.541428      2.5417309E-32
    0.546843      2.3288750E-32
    0.552311      2.3098591E-32
    0.557834      2.2645229E-32
    0.563413      2.8845495E-31
    0.569047      3.3167461E-32
    0.574737      5.1977939E-32
    0.580484      1.2681479E-31
    0.586289      1.3261157E-26
    0.592152      2.0110081E-31
    0.598074      1.5922727E-31
    0.604054      1.5106178E-31
    0.610095      1.6864023E-31
    0.616196      1.7849899E-31
    0.622358      1.8912701E-31
    0.628582      1.6617747E-31
    0.634867      1.7107414E-31
    0.641216      2.5925509E-31
    0.647628      3.3677211E-31
    0.654104      3.1936753E-31
    0.660645      3.1930079E-31
    0.667252      2.9812639E-31
    0.673924      3.3661770E-31
    0.680664      3.2078002E-31
    0.687470      7.8523444E-31
    0.694345      4.8750432E-31
    0.701288      6.5159991E-31
    0.708301      8.8433779E-31
    0.715384      2.1098990E-30
    0.722538      1.9765560E-30
    0.729764      2.0493587E-30
    0.737061      1.9745719E-30
    0.744432      2.4311216E-30
    0.751876      2.5561807E-30
    0.759395      2.0530264E-30
    0.766989      2.5566580E-28
    0.774659      1.8958434E-30
    0.782405      1.9988006E-30
    0.790229      1.8632936E-30
    0.798132      2.1622940E-30
    0.806113      5.1774904E-30
    0.814174      1.7732115E-29
    0.822316      4.7282184E-30
    0.830539      4.7858534E-30
    0.838844      5.8802985E-30
    0.847233      6.1706520E-30
    0.855705      5.3317950E-30
    0.864262      4.9090786E-30
    0.872905      4.7826664E-30
    0.881634      5.6544162E-30
    0.890450      8.9465678E-30
    0.899355      6.3464168E-30
    0.908348      1.0049600E-29
    0.917432      1.4639514E-29
    0.926606      4.1665807E-29
    0.935872      3.2800289E-29
    0.945231      6.1697194E-29
    0.954683      3.7986470E-29
    0.964230      4.6815322E-29
    0.973872      5.1875391E-29
    0.983611      4.4188682E-29
    0.993447      3.9440202E-29
    1.003382      3.6807904E-29
    1.013416      3.7315625E-29
    1.023550      3.5893210E-29
    1.033785      3.0405696E-29
    1.044123      2.6807407E-29
    1.054564      2.4031206E-29
    1.065110      2.2665020E-29
    1.075761      2.3098086E-29
    1.086519      4.8090768E-29
    1.097384      8.2838062E-29
    1.108358      1.2207309E-28
    1.119441      1.0070655E-28
    1.130636      1.3918565E-28
    1.141942      1.3371097E-28
    1.153361      1.3800172E-28
    1.164895      1.5087259E-28
    1.176544      1.5077492E-28
    1.188309      1.5154548E-28
    1.200192      1.3787428E-28
    1.212194      1.1822258E-28
    1.224316      1.1103091E-28
    1.236560      1.0097981E-28
    1.248925      9.5614860E-29
    1.261414      9.3186293E-29
    1.274028      8.4280306E-29
    1.286769      7.8993652E-29
    1.299636      9.5533698E-29
    1.312633      1.2707024E-28
    1.325759      3.1480178E-27
    1.339017      1.9057761E-27
    1.352407      9.8855914E-28
    1.365931      7.8117963E-28
    1.379590      9.4331291E-28
    1.393386      1.1313049E-27
    1.407320      1.4507375E-27
    1.421393      1.4188778E-27
    1.435607      1.3429167E-27
    1.449963      1.4117678E-27
    1.464463      1.2959875E-27
    1.479108      1.1540728E-27
    1.493899      1.0329184E-27
    1.508838      9.7730247E-28
    1.523926      8.7857212E-28
    1.539165      8.3280706E-28
    1.554557      1.6183937E-27
    1.570102      1.7964057E-27
    1.585803      8.4301562E-28
    1.601662      1.1887013E-27
    1.617678      1.8959407E-27
    1.633855      1.3351973E-27
    1.650193      7.9496809E-28
    1.666695      6.6071445E-28
    1.683362      7.5195765E-28
    1.700196      7.5261564E-28
    1.717198      7.6380901E-28
    1.734370      1.0208963E-27
    1.751714      1.3294128E-27
    1.769231      1.7634716E-27
    1.786923      2.1235643E-27
    1.804792      2.5044574E-27
    1.822840      2.1971511E-27
    1.841069      3.0652486E-27
    1.859479      2.7256755E-27
    1.878074      2.3740993E-27
    1.896855      2.0202309E-27
    1.915823      2.0148152E-27
    1.934982      2.0915443E-27
    1.954331      2.2810844E-27
    1.973875      2.5811047E-27
    1.993613      2.6317810E-27
    2.013550      2.3654195E-27
    2.033685      2.3016019E-27
    2.054022      2.1127325E-27
    2.074562      1.8108660E-27
    2.095308      1.5265672E-27
    2.116261      1.2942431E-27
    2.137423      1.0438353E-27
    2.158798      8.7717504E-28
    2.180386      7.4031228E-28
    2.202190      6.3163927E-28
    2.224211      5.6663483E-28
    2.246454      5.0604922E-28
    2.268918      4.8338706E-28
    2.291607      5.4975840E-26
    2.314523      1.3261905E-25
    2.337669      8.5939055E-26
    2.361045      5.2743869E-26
    2.384656      7.6876123E-26
    2.408502      9.6747000E-26
    2.432587      6.4610108E-26
    2.456913      4.9953335E-26
    2.481482      4.4415217E-26
    2.506297      3.9366317E-26
    2.531360      3.3988704E-26
    2.556674      2.4986721E-26
    2.582240      2.0556878E-26
    2.608063      1.4135895E-26
    2.634143      9.4726020E-27
    2.660485      1.3262367E-26
    2.687090      1.3709979E-26
    2.713961      1.4533124E-26
    2.741100      1.4429385E-26
    2.768511      1.2627601E-26
    2.796196      1.5042485E-26
    2.824158      1.6108316E-26
    2.852400      1.4890755E-26
    2.880924      1.5212539E-26
    2.909733      1.6226432E-26
    2.938830      1.5333891E-26
    2.968219      1.4709146E-26
    2.997901      1.3105160E-26
    3.027880      1.3173505E-26
    3.058159      1.1397417E-26
    3.088740      1.0080638E-26
    3.119628      8.9889487E-27
    3.150824      7.9627777E-27
    3.182332      7.3644474E-27
    3.214156      6.2237862E-27
    3.246297      5.5997597E-27
    3.278760      4.6809495E-27
    3.311548      4.3019130E-27
    3.344663      3.9578187E-27
    3.378110      3.5500707E-27
    3.411891      3.0762386E-27
    3.446010      2.8033188E-27
    3.480470      2.5330692E-27
    3.515275      2.2966972E-27
    3.550427      2.0746260E-27
    3.585932      1.8769007E-27
    3.621791      1.6627067E-27
    3.658009      1.4499154E-27
    3.694589      1.3287997E-27
    3.731535      1.1703374E-27
    3.768850      9.9714074E-28
    3.806539      9.7006513E-28
    3.844604      9.7196545E-28
    3.883050      8.5702879E-28
    3.921881      1.3224653E-27
    3.961099      9.7941012E-28
    4.000710      1.1137866E-27
    4.040718      1.3605104E-27
    4.081125      1.5533084E-27
    4.121936      1.5591732E-27
    4.163155      1.7246491E-27
    4.204787      1.9134323E-27
    4.246835      2.2219586E-27
    4.289303      3.3777051E-25
    4.332196      1.7486109E-24
    4.375518      2.7407304E-24
    4.419273      4.6079151E-24
    4.463466      7.0915511E-24
    4.508101      5.9814029E-24
    4.553182      5.9926311E-24
    4.598714      4.8405080E-24
    4.644701      3.0966355E-24
    4.691148      2.6238269E-24
    4.738059      3.2744462E-24
    4.785440      3.4889509E-24
    4.833294      2.9308699E-24
    4.881627      2.8313815E-24
    4.930443      2.6136932E-24
    4.979748      2.3555058E-24
    5.029545      2.5604758E-24
    5.079841      1.9430320E-24
    5.130639      1.5761597E-24
    5.181946      1.5176892E-24
    5.233765      1.3243954E-24
    5.286103      1.1137403E-24
    5.338964      6.8933591E-25
    5.392353      4.8595330E-25
    5.446277      3.9532420E-25
    5.500740      3.1012957E-25
    5.555747      2.3394867E-25
    5.611304      1.6313013E-25
    5.667418      1.1369922E-25
    5.724092      8.8222226E-26
    5.781333      7.0785218E-26
    5.839146      4.9777755E-26
    5.897537      3.4046783E-26
    5.956513      2.5487176E-26
    6.016078      2.2928848E-26
    6.076239      1.3886525E-26
    6.137001      1.3247692E-26
    6.198371      1.0043995E-26
    6.260355      8.6748315E-27
    6.322958      8.5333028E-27
    6.386188      1.2935266E-26
    6.450050      2.3582922E-26
    6.514550      2.6264101E-26
    6.579696      3.5246891E-26
    6.645493      3.1254361E-26
    6.711948      2.9400835E-26
    6.779067      3.5321366E-26
    6.846858      2.9348042E-26
    6.915326      2.7046817E-26
    6.984480      2.9542207E-26
    7.054324      2.5746344E-26
    7.124868      2.3654551E-26
    7.196116      2.8123066E-26
    7.268078      2.7306227E-26
    7.340758      2.2952973E-26
    7.414166      2.7003114E-26
    7.488308      2.4857382E-26
    7.563191      2.9004108E-26
    7.638823      2.3265590E-26
    7.715211      2.3462733E-26
    7.792363      2.6055991E-26
    7.870286      2.5287115E-26
    7.948989      2.6702703E-26
    8.028479      2.8896219E-26
    8.108764      3.0674064E-26
    8.189852      2.4992326E-26
    8.271750      2.9320858E-26
    8.354468      2.2139664E-26
    8.438012      2.4812674E-26
    8.522393      2.2007805E-26
    8.607616      1.9861091E-26
    8.693693      2.1322775E-26
    8.780630      1.8709394E-26
    8.868436      1.7128030E-26
    8.957120      1.6706172E-26
    9.046691      1.7251862E-26
    9.137158      1.5926047E-26
    9.228530      1.5026337E-26
    9.320815      1.9032411E-26
    9.414023      1.7308553E-26
    9.508164      1.6350419E-26
    9.603245      1.4965197E-26
    9.699278      1.4757834E-26
    9.796270      2.3188425E-26
    9.894233      1.6865368E-26
    9.993175      2.1418552E-26
   10.093107      1.8386698E-26
   10.194038      2.0418785E-26
   10.295979      2.4379306E-26
   10.398938      2.6617190E-26
   10.502928      2.6198523E-26
   10.607957      4.3243416E-26
   10.714037      2.8454278E-26
   10.821177      4.3476292E-26
   10.929389      3.7215487E-26
   11.038683      3.7599192E-26
   11.149070      4.3635698E-26
   11.260560      4.1910733E-26
   11.373166      4.5327965E-26
   11.486898      5.7029983E-26
   11.601766      3.4220131E-26
   11.717784      5.6944382E-26
   11.834962      4.8482008E-26
   11.953312      6.5540646E-26
   12.072845      6.6527562E-26
   12.193573      5.4144456E-26
   12.315509      7.1214152E-26
   12.438664      8.3636480E-26
   12.563051      7.1232167E-26
   12.688681      7.5696292E-26
   12.815568      6.7028275E-26
   12.943724      8.5983316E-26
   13.073161      8.2457036E-26
   13.203892      1.1298048E-25
   13.335931      8.4168396E-26
   13.469291      9.6930095E-26
   13.603984      1.1357199E-25
   13.740023      1.0532733E-25
   13.877424      1.0220269E-25
   14.016198      9.5618204E-26
   14.156360      1.0094879E-25
   14.297924      1.0587995E-25
   14.440903      9.8623134E-26
   14.585312      1.4087152E-25
   14.731165      1.3987617E-25
   14.878477      1.1027465E-25
   15.027261      1.2734448E-25
   15.177534      8.1100226E-26
   15.329309      1.6236193E-25
   15.482602      1.2583305E-25
   15.637428      1.4020739E-25
   15.793803      8.0898662E-26
   15.951741      1.5930789E-25
   16.111258      1.5857503E-25
   16.272371      1.0425136E-25
   16.435094      1.0595279E-25
   16.599445      1.0321309E-25
   16.765440      1.1748460E-25
   16.933094      8.4727959E-26
   17.102425      1.2762506E-25
   17.273449      1.7397226E-25
   17.446184      9.7911798E-26
   17.620646      1.4347202E-25
   17.796852      1.2141169E-25
   17.974821      1.6956681E-25
   18.154569      7.3186792E-26
   18.336115      1.9755469E-25
   18.519476      1.7400019E-25
   18.704670      7.3757277E-26
   18.891717      1.5450320E-25
   19.080634      1.4746430E-25
   19.271441      2.0505465E-25
   19.464155      1.4210179E-25
   19.658797      1.0585224E-25
   19.855385      6.9038316E-26
   20.053938      1.5600408E-25
   20.254478      1.5032304E-25
   20.457023      8.5982416E-26
   20.661593      9.9059348E-26
   20.868209      1.7473738E-25
   21.076891      1.0309310E-25
   21.287660      6.1351104E-26
   21.500536      1.2902872E-25
   21.715542      1.2693801E-25
   21.932697      7.9217973E-26
   22.152024      9.4312508E-26
   22.373544      1.6162045E-25
   22.597280      7.2491497E-26
   22.823253      1.0552489E-25
   23.051485      7.5061224E-26
   23.282000      1.7666565E-25
   23.514820      1.1783814E-25
   23.749968      1.0910110E-25
   23.987468      5.0535647E-26
   24.227343      1.3334458E-25
   24.469616      1.0273665E-25
   24.714312      1.1757129E-25
   24.961455      6.8377868E-26
   25.211070      1.3681851E-25
   25.463180      1.3908007E-25
   25.717812      1.1641572E-25
   25.974990      5.8838133E-26
   26.234740      8.8674520E-26
   26.497088      1.9312903E-25
   26.762059      6.4147086E-26
   27.029679      1.1785798E-25
   27.299976      5.4981168E-26
   27.572976      7.9918223E-26
   27.848705      1.4595340E-25
   28.127193      1.5317966E-25
   28.408464      1.5278893E-25
   28.692549      4.7154653E-26
   28.979475      7.3113444E-26
   29.269269      1.6985634E-25
   29.561962      6.9804938E-26
   29.857582      1.3052162E-25
