# Pressure:     3.000E-06 Ba
# Temperature:    140.000 K
#  lambda [mu]   kappa [cm^2/mol]
    0.500000      1.5147535E-31
    0.505000      1.4243466E-31
    0.510050      1.2582567E-31
    0.515150      1.2076989E-31
    0.520302      1.1663468E-31
    0.525505      1.1241755E-31
    0.530760      1.0680452E-31
    0.536068      1.0252274E-31
    0.541428      1.0865370E-31
    0.546843      9.6309103E-32
    0.552311      9.0692134E-32
    0.557834      8.7063886E-32
    0.563413      8.4993200E-32
    0.569047      1.0932670E-31
    0.574737      8.4733432E-32
    0.580484      7.8656473E-32
    0.586289      3.8017195E-31
    0.592152      2.2068130E-31
    0.598074      6.7026890E-32
    0.604054      6.2848382E-32
    0.610095      6.0344421E-32
    0.616196      5.7941217E-32
    0.622358      5.8443113E-32
    0.628582      6.2487766E-32
    0.634867      5.3756721E-32
    0.641216      7.1730520E-32
    0.647628      1.6169686E-31
    0.654104      6.6723090E-32
    0.660645      4.4079241E-32
    0.667252      4.1883472E-32
    0.673924      4.0221094E-32
    0.680664      4.0972549E-32
    0.687470      1.3883507E-31
    0.694345      3.4388326E-31
    0.701288      1.5471360E-31
    0.708301      1.1335125E-31
    0.715384      2.2657201E-30
    0.722538      1.7710976E-30
    0.729764      2.0845346E-31
    0.737061      3.6096944E-32
    0.744432      2.8499643E-32
    0.751876      2.6345982E-32
    0.759395      2.4764458E-32
    0.766989      2.3785381E-32
    0.774659      2.2845258E-32
    0.782405      6.6148025E-32
    0.790229      1.1421292E-31
    0.798132      1.5295665E-31
    0.806113      2.5213964E-31
    0.814174      1.0482720E-30
    0.822316      9.2327989E-31
    0.830539      8.9400120E-29
    0.838844      3.2219974E-28
    0.847233      2.6719053E-28
    0.855705      3.5980481E-28
    0.864262      4.6865691E-28
    0.872905      8.6457221E-28
    0.881634      1.2748047E-27
    0.890450      1.7543417E-26
    0.899355      8.3564215E-27
    0.908348      2.4770345E-28
    0.917432      2.4887002E-28
    0.926606      6.0953691E-28
    0.935872      2.7933089E-28
    0.945231      1.1633272E-28
    0.954683      1.8163719E-28
    0.964230      6.2839184E-28
    0.973872      1.1870948E-27
    0.983611      4.8889608E-27
    0.993447      4.8755275E-27
    1.003382      4.1848787E-27
    1.013416      8.9025115E-27
    1.023550      1.8524665E-26
    1.033785      7.9675080E-27
    1.044123      1.2183562E-27
    1.054564      5.7737045E-28
    1.065110      9.5600028E-28
    1.075761      1.3910906E-27
    1.086519      7.6432657E-28
    1.097384      6.8660395E-28
    1.108358      1.1212413E-27
    1.119441      1.2614177E-26
    1.130636      1.5104401E-26
    1.141942      4.0138877E-27
    1.153361      3.4591055E-26
    1.164895      9.1671720E-26
    1.176544      2.7084812E-26
    1.188309      9.9687111E-27
    1.200192      2.1133572E-26
    1.212194      2.2526798E-26
    1.224316      8.2346016E-27
    1.236560      8.0464984E-28
    1.248925      1.6552953E-27
    1.261414      2.0954541E-27
    1.274028      1.7746743E-27
    1.286769      1.0323034E-26
    1.299636      1.5022520E-26
    1.312633      1.6416739E-26
    1.325759      1.9707176E-26
    1.339017      1.9277340E-26
    1.352407      5.3806921E-26
    1.365931      3.6945228E-26
    1.379590      4.6820722E-26
    1.393386      7.5489991E-26
    1.407320      3.8049525E-26
    1.421393      1.0354068E-26
    1.435607      1.3652998E-26
    1.449963      1.3535018E-26
    1.464463      3.3363558E-26
    1.479108      8.7506475E-26
    1.493899      2.0869849E-25
    1.508838      2.1516506E-25
    1.523926      7.4392380E-26
    1.539165      1.8443820E-26
    1.554557      5.8221566E-27
    1.570102      4.0190725E-27
    1.585803      1.7136191E-27
    1.601662      7.7264391E-28
    1.617678      7.7704615E-27
    1.633855      8.6693112E-26
    1.650193      1.0924958E-25
    1.666695      6.1149431E-26
    1.683362      6.3815513E-26
    1.700196      1.9762477E-25
    1.717198      1.4457346E-25
    1.734370      4.5764926E-26
    1.751714      2.2266378E-26
    1.769231      9.5532940E-26
    1.786923      9.8086016E-26
    1.804792      2.9070495E-26
    1.822840      1.0863662E-26
    1.841069      1.1051844E-26
    1.859479      3.6939944E-27
    1.878074      1.7870050E-27
    1.896855      4.2889335E-27
    1.915823      2.0754872E-26
    1.934982      1.3840337E-25
    1.954331      2.8855799E-25
    1.973875      2.8690407E-25
    1.993613      1.7716672E-25
    2.013550      5.5639532E-26
    2.033685      1.3516385E-26
    2.054022      3.9873770E-27
    2.074562      8.4507691E-28
    2.095308      1.7161497E-28
    2.116261      3.3129870E-28
    2.137423      4.5926281E-27
    2.158798      9.0395898E-26
    2.180386      4.9597631E-26
    2.202190      1.5039887E-25
    2.224211      3.9459583E-25
    2.246454      7.2711878E-25
    2.268918      1.3378123E-24
    2.291607      1.9957557E-24
    2.314523      1.0495296E-24
    2.337669      1.3504497E-24
    2.361045      1.3272891E-24
    2.384656      2.7158394E-25
    2.408502      1.2201386E-25
    2.432587      5.3116268E-26
    2.456913      2.8720673E-26
    2.481482      2.3609582E-26
    2.506297      2.8981926E-26
    2.531360      2.5499596E-26
    2.556674      1.6413015E-25
    2.582240      9.5701346E-26
    2.608063      1.1196233E-26
    2.634143      3.1699216E-27
    2.660485      5.1978183E-27
    2.687090      1.7997040E-27
    2.713961      7.5207126E-28
    2.741100      1.0125756E-27
    2.768511      2.0734131E-27
    2.796196      1.6749600E-26
    2.824158      1.0233371E-25
    2.852400      2.0772365E-25
    2.880924      3.0480477E-25
    2.909733      3.5247695E-25
    2.938830      4.2420988E-25
    2.968219      1.9857992E-25
    2.997901      2.2061737E-25
    3.027880      2.0857396E-25
    3.058159      1.2723915E-25
    3.088740      2.4014352E-25
    3.119628      8.4451074E-26
    3.150824      9.7100534E-26
    3.182332      1.2312972E-24
    3.214156      2.1841987E-24
    3.246297      3.3629366E-24
    3.278760      3.4108693E-24
    3.311548      1.4870781E-24
    3.344663      1.9118643E-24
    3.378110      2.0548225E-24
    3.411891      7.3276242E-25
    3.446010      5.3463772E-25
    3.480470      3.3586770E-25
    3.515275      6.3735992E-25
    3.550427      6.1591899E-25
    3.585932      1.8611450E-25
    3.621791      1.1055709E-25
    3.658009      4.9255768E-26
    3.694589      1.3098259E-25
    3.731535      7.1251362E-26
    3.768850      6.6640425E-26
    3.806539      1.2577509E-26
    3.844604      8.0869134E-26
    3.883050      3.8036975E-26
    3.921881      3.3320786E-26
    3.961099      1.8523080E-26
    4.000710      8.8699772E-27
    4.040718      6.2546548E-27
    4.081125      3.0728272E-27
    4.121936      1.0808562E-27
    4.163155      1.3129028E-28
    4.204787      1.2607177E-27
    4.246835      3.9060823E-28
    4.289303      2.1099315E-28
    4.332196      1.4099420E-28
    4.375518      7.5658517E-29
    4.419273      1.1332216E-28
    4.463466      3.2524400E-29
    4.508101      1.7050419E-29
    4.553182      5.6262259E-30
    4.598714      1.5435087E-30
    4.644701      7.6207483E-31
    4.691148      7.0144480E-31
    4.738059      9.8023738E-31
    4.785440      1.7376156E-30
    4.833294      2.0611125E-30
    4.881627      3.3872956E-30
    4.930443      5.0562464E-30
    4.979748      4.0670725E-30
    5.029545      2.2851485E-30
    5.079841      9.6968631E-30
    5.130639      3.9479463E-29
    5.181946      1.5467759E-28
    5.233765      4.8993278E-29
    5.286103      2.2540134E-27
    5.338964      1.8407524E-27
    5.392353      3.3528905E-27
    5.446277      1.1105218E-27
    5.500740      5.2085132E-27
    5.555747      1.9388243E-26
    5.611304      2.5292771E-26
    5.667418      7.7256951E-26
    5.724092      2.1324715E-25
    5.781333      1.9427991E-25
    5.839146      1.5391031E-25
    5.897537      2.2877663E-25
    5.956513      2.3931323E-25
    6.016078      2.6089592E-25
    6.076239      3.0156041E-25
    6.137001      2.3102308E-24
    6.198371      2.6706481E-25
    6.260355      2.6244812E-25
    6.322958      1.1709164E-25
    6.386188      1.9615578E-25
    6.450050      3.2847998E-25
    6.514550      9.3356098E-26
    6.579696      1.0460333E-25
    6.645493      4.5865129E-26
    6.711948      3.1348173E-26
    6.779067      2.5051824E-26
    6.846858      2.4238113E-26
    6.915326      1.3451336E-26
    6.984480      1.0050955E-26
    7.054324      5.9394796E-27
    7.124868      7.0903923E-27
    7.196116      1.2680841E-26
    7.268078      3.8983571E-26
    7.340758      5.5944463E-25
    7.414166      1.3268830E-24
    7.488308      4.1413484E-25
    7.563191      1.6371237E-25
    7.638823      3.2698926E-23
    7.715211      4.1930793E-25
    7.792363      1.8726117E-25
    7.870286      2.6242449E-25
    7.948989      1.5770346E-25
    8.028479      4.8162178E-26
    8.108764      1.2580530E-26
    8.189852      4.4008473E-27
    8.271750      2.3212655E-27
    8.354468      8.4692389E-28
    8.438012      2.7311861E-27
    8.522393      2.1326784E-28
    8.607616      2.6684567E-27
    8.693693      4.7921703E-27
    8.780630      2.2743046E-27
    8.868436      1.8855107E-26
    8.957120      5.0414130E-27
    9.046691      1.4060753E-26
    9.137158      9.9211938E-26
    9.228530      2.3949308E-26
    9.320815      1.0349619E-25
    9.414023      6.3600239E-26
    9.508164      1.7897534E-25
    9.603245      1.7800461E-25
    9.699278      8.8585623E-26
    9.796270      1.4884246E-25
    9.894233      2.1052778E-27
    9.993175      3.1233339E-25
   10.093107      3.0451137E-30
   10.194038      1.4402040E-29
   10.295979      2.1300908E-23
   10.398938      1.5568007E-25
   10.502928      2.6460328E-25
   10.607957      1.0689694E-26
   10.714037      8.6242878E-24
   10.821177      4.4437492E-26
   10.929389      2.2370843E-27
   11.038683      1.3306218E-27
   11.149070      1.4318403E-25
   11.260560      6.4591382E-28
   11.373166      1.6593557E-29
   11.486898      8.7691752E-26
   11.601766      1.1609132E-29
   11.717784      9.4467807E-26
   11.834962      5.9007123E-28
   11.953312      6.0427696E-26
   12.072845      2.1745860E-26
   12.193573      2.7733397E-26
   12.315509      1.1451066E-26
   12.438664      2.8743179E-27
   12.563051      5.6015371E-27
   12.688681      2.1367808E-27
   12.815568      3.9019754E-27
   12.943724      2.5249966E-27
   13.073161      8.1047736E-28
   13.203892      4.4063970E-28
   13.335931      6.6376112E-28
   13.469291      1.5856595E-28
   13.603984      7.8971328E-29
   13.740023      5.1085490E-28
   13.877424      1.1192372E-28
   14.016198      4.2598713E-28
   14.156360      4.2413875E-29
   14.297924      1.0686079E-29
   14.440903      2.6929311E-28
   14.585312      9.8246260E-30
   14.731165      1.7587601E-29
   14.878477      1.3120814E-28
   15.027261      1.6959523E-29
   15.177534      1.4186342E-29
   15.329309      5.9607621E-29
   15.482602      1.3584085E-29
   15.637428      4.9565682E-29
   15.793803      2.0846784E-27
   15.951741      3.5672436E-29
   16.111258      1.3116829E-30
   16.272371      5.5121710E-30
   16.435094      2.1632834E-30
   16.599445      1.1175135E-30
   16.765440      1.5393889E-30
   16.933094      1.1654647E-30
   17.102425      1.2434618E-30
   17.273449      4.7435377E-31
   17.446184      4.4675531E-30
   17.620646      1.3877385E-30
   17.796852      1.8655491E-31
   17.974821      1.7982033E-30
   18.154569      8.9940707E-30
   18.336115      1.5179444E-30
   18.519476      3.3030377E-30
   18.704670      5.3519342E-31
   18.891717      2.8938403E-30
   19.080634      1.0965396E-30
   19.271441      2.7302194E-31
   19.464155      1.3720787E-30
   19.658797      3.2932954E-30
   19.855385      2.7654464E-30
   20.053938      2.7555046E-30
   20.254478      3.5825669E-30
   20.457023      1.6118389E-29
   20.661593      1.3627633E-31
   20.868209      2.6572391E-32
   21.076891      6.8313742E-30
   21.287660      1.1280217E-31
   21.500536      4.7224376E-32
   21.715542      3.9189030E-29
   21.932697      7.2355986E-31
   22.152024      3.1452437E-32
   22.373544      2.3377296E-29
   22.597280      7.2272796E-32
   22.823253      2.2721329E-32
   23.051485      1.6814334E-29
   23.282000      5.5279248E-30
   23.514820      1.5255975E-31
   23.749968      5.9060617E-29
   23.987468      2.6696955E-32
   24.227343      1.1230709E-32
   24.469616      1.1510985E-31
   24.714312      2.1233228E-30
   24.961455      7.5286329E-29
   25.211070      2.0466957E-30
   25.463180      3.0757422E-32
   25.717812      1.5864316E-28
   25.974990      8.9345894E-32
   26.234740      1.4431252E-30
   26.497088      1.7689720E-29
   26.762059      1.1266556E-28
   27.029679      1.1002215E-31
   27.299976      2.2171723E-31
   27.572976      3.1515818E-30
   27.848705      2.6174654E-31
   28.127193      5.0112564E-29
   28.408464      5.3574645E-29
   28.692549      3.6954534E-29
   28.979475      7.2261186E-31
   29.269269      1.8778709E-31
   29.561962      8.6914951E-28
   29.857582      1.7205757E-31
