# Pressure:     3.000E+00 Ba
# Temperature:    140.000 K
#  lambda [mu]   kappa [cm^2/mol]
    0.500000      1.3658872E-31
    0.505000      1.3109386E-31
    0.510050      1.2582325E-31
    0.515150      1.2076756E-31
    0.520302      1.1591785E-31
    0.525505      1.3794905E-31
    0.530760      1.0689243E-31
    0.536068      1.0252076E-31
    0.541428      9.8412926E-32
    0.546843      9.4471764E-32
    0.552311      9.0690390E-32
    0.557834      8.7062212E-32
    0.563413      8.3580913E-32
    0.569047      8.0240445E-32
    0.574737      7.7035016E-32
    0.580484      7.3959075E-32
    0.586289      7.1007307E-32
    0.592152      6.8174620E-32
    0.598074      6.5456133E-32
    0.604054      6.2847173E-32
    0.610095      6.0343261E-32
    0.616196      5.7940103E-32
    0.622358      5.5633587E-32
    0.628582      6.4619356E-32
    0.634867      5.1294880E-32
    0.641216      2.0817156E-31
    0.647628      4.7297532E-32
    0.654104      1.3287640E-31
    0.660645      4.3614343E-32
    0.667252      4.1882667E-32
    0.673924      4.0220321E-32
    0.680664      3.8624494E-32
    0.687470      3.7092494E-32
    0.694345      3.5621738E-32
    0.701288      3.4209749E-32
    0.708301      3.2854152E-32
    0.715384      3.1552671E-32
    0.722538      3.0303122E-32
    0.729764      6.2179932E-32
    0.737061      2.7951528E-32
    0.744432      2.6845548E-32
    0.751876      2.5783624E-32
    0.759395      2.4763982E-32
    0.766989      2.3784924E-32
    0.774659      2.2844819E-32
    0.782405      2.1942102E-32
    0.790229      4.5604358E-32
    0.798132      2.8081311E-31
    0.806113      2.0213431E-32
    0.814174      1.8676009E-32
    0.822316      2.2860344E-30
    0.830539      8.6617786E-29
    0.838844      2.9874555E-28
    0.847233      2.5323546E-28
    0.855705      3.4173594E-28
    0.864262      4.4423591E-28
    0.872905      8.0578777E-28
    0.881634      1.1803803E-27
    0.890450      1.5923186E-26
    0.899355      7.4245542E-27
    0.908348      2.3291129E-28
    0.917432      2.1567002E-28
    0.926606      5.4343666E-28
    0.935872      2.3963253E-28
    0.945231      9.9015499E-29
    0.954683      1.5976474E-28
    0.964230      6.4076611E-28
    0.973872      1.1307757E-27
    0.983611      4.6028778E-27
    0.993447      4.5159213E-27
    1.003382      3.8347052E-27
    1.013416      7.6605536E-27
    1.023550      1.7486234E-26
    1.033785      7.5496921E-27
    1.044123      1.1376744E-27
    1.054564      5.6272738E-28
    1.065110      9.1164502E-28
    1.075761      1.2692462E-27
    1.086519      6.8570679E-28
    1.097384      6.7887943E-28
    1.108358      9.8805811E-28
    1.119441      1.1825478E-26
    1.130636      1.3354816E-26
    1.141942      3.6510946E-27
    1.153361      3.3434985E-26
    1.164895      8.5005616E-26
    1.176544      2.4806731E-26
    1.188309      9.4924208E-27
    1.200192      1.8462352E-26
    1.212194      2.1572311E-26
    1.224316      8.3011210E-27
    1.236560      7.4569117E-28
    1.248925      1.8529589E-27
    1.261414      2.7598423E-27
    1.274028      1.8344879E-27
    1.286769      1.1416108E-26
    1.299636      1.6023742E-26
    1.312633      1.7378133E-26
    1.325759      2.2860087E-26
    1.339017      1.8126171E-26
    1.352407      4.5087067E-26
    1.365931      3.1144637E-26
    1.379590      4.2080832E-26
    1.393386      6.5706610E-26
    1.407320      3.2461023E-26
    1.421393      1.0082265E-26
    1.435607      1.5950316E-26
    1.449963      1.9314275E-26
    1.464463      3.2440329E-26
    1.479108      9.0670298E-26
    1.493899      2.3849464E-25
    1.508838      2.2521931E-25
    1.523926      8.8915300E-26
    1.539165      1.8931918E-26
    1.554557      5.9672001E-27
    1.570102      4.0991031E-27
    1.585803      1.5107530E-27
    1.601662      8.1907351E-28
    1.617678      7.7855883E-27
    1.633855      1.4056879E-25
    1.650193      1.7020513E-25
    1.666695      9.0968445E-26
    1.683362      6.6123539E-26
    1.700196      1.8628764E-25
    1.717198      1.5225229E-25
    1.734370      4.3138411E-26
    1.751714      2.0057726E-26
    1.769231      9.2006361E-26
    1.786923      9.2073962E-26
    1.804792      2.9732673E-26
    1.822840      9.4924611E-27
    1.841069      9.2348701E-27
    1.859479      3.1344192E-27
    1.878074      1.6203934E-27
    1.896855      4.3222776E-27
    1.915823      2.3673240E-26
    1.934982      1.7158902E-25
    1.954331      5.6845665E-25
    1.973875      4.8468248E-25
    1.993613      3.1307191E-25
    2.013550      6.0373800E-26
    2.033685      1.4846816E-26
    2.054022      4.2705871E-27
    2.074562      9.0965189E-28
    2.095308      1.9193635E-28
    2.116261      1.2162392E-27
    2.137423      7.7008906E-27
    2.158798      9.2406106E-26
    2.180386      9.6767257E-26
    2.202190      3.5183752E-25
    2.224211      7.9679808E-25
    2.246454      1.0770944E-24
    2.268918      1.7916281E-24
    2.291607      1.9128524E-24
    2.314523      1.1009885E-24
    2.337669      1.4188614E-24
    2.361045      1.9273756E-24
    2.384656      4.3903105E-25
    2.408502      1.3614948E-25
    2.432587      5.5372353E-26
    2.456913      2.3504606E-26
    2.481482      2.3326115E-26
    2.506297      3.6310286E-26
    2.531360      2.6432248E-26
    2.556674      1.7614540E-25
    2.582240      1.1945559E-25
    2.608063      1.3678969E-26
    2.634143      1.9297861E-27
    2.660485      7.0271637E-28
    2.687090      2.1604123E-28
    2.713961      1.7198310E-28
    2.741100      3.0118946E-28
    2.768511      2.1728101E-27
    2.796196      2.9339048E-26
    2.824158      1.8473659E-25
    2.852400      3.7387439E-25
    2.880924      5.7958996E-25
    2.909733      7.8068876E-25
    2.938830      7.8656212E-25
    2.968219      3.0079336E-25
    2.997901      2.1968448E-25
    3.027880      3.4363989E-25
    3.058159      2.7420848E-25
    3.088740      2.7448749E-25
    3.119628      1.1052011E-25
    3.150824      1.3207366E-25
    3.182332      3.4658901E-24
    3.214156      1.5738171E-23
    3.246297      3.1077914E-23
    3.278760      1.1655651E-23
    3.311548      4.8680591E-24
    3.344663      1.7415711E-23
    3.378110      7.5929840E-24
    3.411891      1.6580223E-24
    3.446010      7.9345094E-25
    3.480470      7.9475746E-25
    3.515275      1.4452867E-24
    3.550427      6.3521179E-25
    3.585932      4.0900880E-25
    3.621791      2.6565090E-25
    3.658009      1.0752148E-25
    3.694589      2.0775290E-25
    3.731535      1.3713764E-25
    3.768850      1.0547118E-25
    3.806539      1.1838397E-25
    3.844604      1.0797115E-25
    3.883050      8.6332565E-26
    3.921881      6.1296677E-26
    3.961099      4.8012516E-26
    4.000710      3.7896537E-26
    4.040718      2.5914821E-26
    4.081125      1.6179928E-26
    4.121936      3.7949869E-27
    4.163155      1.1273458E-27
    4.204787      5.8283832E-27
    4.246835      5.1735592E-27
    4.289303      1.8929203E-27
    4.332196      3.5283986E-27
    4.375518      1.3121302E-27
    4.419273      8.2099693E-28
    4.463466      1.9343308E-28
    4.508101      8.3714014E-29
    4.553182      1.8923298E-29
    4.598714      3.6469136E-30
    4.644701      1.0711888E-30
    4.691148      8.2715134E-31
    4.738059      1.7203442E-30
    4.785440      6.1968026E-30
    4.833294      1.6249613E-29
    4.881627      2.8640482E-29
    4.930443      5.8275731E-29
    4.979748      2.2869194E-29
    5.029545      9.5053813E-30
    5.079841      7.0060564E-29
    5.130639      1.6184534E-28
    5.181946      7.4428710E-28
    5.233765      1.0277951E-28
    5.286103      9.9809558E-27
    5.338964      2.5858140E-27
    5.392353      4.0821844E-27
    5.446277      4.9105467E-27
    5.500740      2.1842896E-26
    5.555747      8.1665527E-26
    5.611304      1.2049890E-25
    5.667418      4.2850497E-25
    5.724092      1.1502487E-24
    5.781333      1.1441780E-24
    5.839146      1.4091336E-24
    5.897537      3.1312111E-24
    5.956513      1.2684203E-24
    6.016078      6.6604949E-25
    6.076239      2.3151390E-24
    6.137001      7.6216618E-24
    6.198371      9.2561084E-25
    6.260355      1.2233680E-24
    6.322958      1.2577528E-24
    6.386188      1.9905061E-24
    6.450050      1.5309359E-24
    6.514550      7.8011682E-25
    6.579696      5.8067593E-25
    6.645493      2.9260785E-25
    6.711948      1.6055040E-25
    6.779067      1.0479966E-25
    6.846858      8.4446617E-26
    6.915326      3.6551213E-26
    6.984480      2.2956983E-26
    7.054324      1.8302901E-26
    7.124868      2.3561542E-26
    7.196116      6.1034118E-26
    7.268078      5.0079614E-25
    7.340758      5.8890309E-24
    7.414166      2.4865262E-23
    7.488308      2.7317811E-23
    7.563191      1.1939290E-23
    7.638823      7.2721756E-23
    7.715211      1.3060831E-23
    7.792363      8.8492494E-24
    7.870286      7.6677209E-24
    7.948989      2.3877677E-24
    8.028479      6.5692767E-25
    8.108764      1.5893512E-25
    8.189852      4.3567857E-26
    8.271750      1.7054091E-26
    8.354468      7.0511823E-27
    8.438012      5.0979294E-26
    8.522393      7.2027818E-27
    8.607616      4.4540600E-26
    8.693693      4.7720169E-25
    8.780630      8.6341013E-26
    8.868436      1.7589860E-24
    8.957120      3.0040869E-25
    9.046691      6.7892692E-25
    9.137158      7.4503129E-24
    9.228530      2.8086579E-24
    9.320815      1.0199668E-23
    9.414023      5.1420965E-24
    9.508164      2.0000096E-23
    9.603245      1.5512088E-23
    9.699278      8.6446478E-24
    9.796270      1.4813543E-23
    9.894233      2.9990371E-24
    9.993175      2.5180118E-23
   10.093107      2.0554505E-25
   10.194038      2.2939991E-25
   10.295979      6.7904990E-23
   10.398938      6.8338902E-25
   10.502928      1.3203744E-23
   10.607957      4.0328303E-25
   10.714037      7.7170761E-23
   10.821177      1.3765774E-24
   10.929389      8.2821450E-25
   11.038683      1.9860797E-25
   11.149070      1.2939918E-23
   11.260560      9.1241860E-25
   11.373166      2.8371821E-25
   11.486898      6.0745518E-24
   11.601766      1.3143438E-25
   11.717784      6.1314849E-24
   11.834962      6.2234854E-26
   11.953312      4.1472788E-24
   12.072845      1.0758624E-24
   12.193573      2.0302822E-24
   12.315509      5.9659619E-25
   12.438664      9.5552662E-26
   12.563051      2.8112294E-25
   12.688681      1.0260926E-25
   12.815568      1.5449416E-25
   12.943724      1.2912061E-25
   13.073161      4.1892529E-26
   13.203892      3.6787781E-26
   13.335931      2.4392259E-26
   13.469291      7.6395238E-27
   13.603984      6.5468251E-27
   13.740023      1.0344077E-26
   13.877424      1.7404730E-27
   14.016198      5.6553821E-27
   14.156360      7.4425908E-28
   14.297924      3.9968940E-28
   14.440903      3.5210158E-27
   14.585312      2.1458716E-28
   14.731165      3.4036060E-28
   14.878477      2.2670095E-27
   15.027261      1.3493135E-28
   15.177534      1.7748057E-28
   15.329309      3.6095978E-27
   15.482602      3.4935540E-28
   15.637428      1.1344338E-27
   15.793803      2.3152374E-26
   15.951741      6.2697805E-27
   16.111258      5.6434338E-28
   16.272371      1.2718570E-28
   16.435094      5.3381968E-29
   16.599445      4.6676633E-29
   16.765440      1.5876140E-28
   16.933094      1.0510463E-27
   17.102425      3.9741840E-29
   17.273449      4.8820443E-29
   17.446184      2.8287548E-27
   17.620646      2.8483630E-29
   17.796852      5.8088060E-29
   17.974821      4.4588691E-27
   18.154569      1.4000151E-27
   18.336115      2.1003092E-29
   18.519476      6.3315637E-28
   18.704670      1.0748427E-27
   18.891717      9.9338998E-29
   19.080634      7.4903061E-28
   19.271441      5.0118431E-28
   19.464155      2.4856293E-28
   19.658797      2.5434167E-28
   19.855385      2.0203255E-28
   20.053938      1.0026797E-28
   20.254478      1.5145554E-28
   20.457023      2.0619460E-28
   20.661593      2.6518609E-29
   20.868209      9.7077720E-30
   21.076891      1.3477911E-29
   21.287660      1.4270521E-29
   21.500536      3.8342471E-29
   21.715542      5.9109500E-30
   21.932697      1.8424524E-29
   22.152024      1.0616742E-30
   22.373544      4.6595853E-30
   22.597280      1.5134125E-29
   22.823253      1.3581451E-30
   23.051485      2.8882709E-30
   23.282000      2.0635928E-30
   23.514820      7.3350941E-30
   23.749968      1.2863757E-29
   23.987468      1.7690586E-30
   24.227343      5.6176606E-30
   24.469616      5.9803602E-30
   24.714312      7.0680135E-30
   24.961455      7.2135648E-30
   25.211070      4.4538928E-30
   25.463180      2.8222889E-30
   25.717812      2.0126655E-29
   25.974990      1.0940166E-29
   26.234740      2.2574391E-29
   26.497088      1.7925002E-29
   26.762059      1.4485648E-29
   27.029679      1.3687245E-30
   27.299976      1.2382980E-30
   27.572976      2.0543049E-29
   27.848705      3.1030244E-29
   28.127193      1.2409597E-28
   28.408464      4.0651844E-29
   28.692549      3.1561988E-30
   28.979475      7.1816236E-30
   29.269269      2.9957002E-29
   29.561962      2.6987119E-29
   29.857582      1.0640162E-28
