# Pressure:     1.000E-06 Ba
# Temperature:    130.000 K
#  lambda [mu]   kappa [cm^2/mol]
    0.500000      3.7429620E-29
    0.505000      3.3248376E-29
    0.510050      5.8229566E-31
    0.515150      1.2206119E-31
    0.520302      1.4736317E-30
    0.525505      1.7544820E-30
    0.530760      2.2610840E-31
    0.536068      3.7880949E-30
    0.541428      2.6050592E-29
    0.546843      2.0318246E-30
    0.552311      9.5158151E-32
    0.557834      6.7039028E-31
    0.563413      4.0227500E-30
    0.569047      2.5849914E-29
    0.574737      6.5673523E-30
    0.580484      3.9643124E-30
    0.586289      3.1414396E-28
    0.592152      1.5579060E-28
    0.598074      4.0322039E-30
    0.604054      2.0472600E-31
    0.610095      6.1041592E-32
    0.616196      5.7974229E-32
    0.622358      7.6744178E-30
    0.628582      1.5993920E-29
    0.634867      6.0870676E-30
    0.641216      2.6921166E-29
    0.647628      1.1542142E-28
    0.654104      2.5176515E-29
    0.660645      1.4342075E-30
    0.667252      5.2105537E-32
    0.673924      1.9595328E-31
    0.680664      6.7613918E-30
    0.687470      9.1743492E-29
    0.694345      3.0223167E-28
    0.701288      1.1587871E-28
    0.708301      7.8656147E-29
    0.715384      2.1847813E-27
    0.722538      1.6343462E-27
    0.729764      1.5851439E-28
    0.737061      9.9190754E-30
    0.744432      1.4709694E-30
    0.751876      6.0695603E-31
    0.759395      2.7618032E-32
    0.766989      2.4880915E-32
    0.774659      2.3096792E-31
    0.782405      3.8490552E-29
    0.790229      8.8847631E-29
    0.798132      1.2957220E-28
    0.806113      1.9715049E-28
    0.814174      1.0302435E-27
    0.822316      8.6999168E-28
    0.830539      1.6938810E-28
    0.838844      3.6761578E-28
    0.847233      2.8251128E-28
    0.855705      3.6417980E-28
    0.864262      4.6327928E-28
    0.872905      8.7088612E-28
    0.881634      1.2934634E-27
    0.890450      1.8477288E-26
    0.899355      9.5080352E-27
    0.908348      2.6513545E-27
    0.917432      9.3355204E-28
    0.926606      1.9246430E-26
    0.935872      1.7948411E-26
    0.945231      1.0009537E-26
    0.954683      3.9935530E-27
    0.964230      2.6906722E-27
    0.973872      1.9589508E-27
    0.983611      4.9596149E-27
    0.993447      4.8937146E-27
    1.003382      4.1791800E-27
    1.013416      8.7681555E-27
    1.023550      1.8984174E-26
    1.033785      7.7752764E-27
    1.044123      1.1035067E-27
    1.054564      5.7519784E-28
    1.065110      9.2546402E-28
    1.075761      1.4242537E-27
    1.086519      9.0455975E-28
    1.097384      1.5812091E-27
    1.108358      4.0438704E-27
    1.119441      4.2516706E-26
    1.130636      5.1847967E-26
    1.141942      2.1761426E-26
    1.153361      3.3150271E-26
    1.164895      9.3987910E-26
    1.176544      2.6286116E-26
    1.188309      1.0106998E-26
    1.200192      2.1999427E-26
    1.212194      2.2794236E-26
    1.224316      8.0892455E-27
    1.236560      7.3955572E-28
    1.248925      1.5372233E-27
    1.261414      2.1388959E-27
    1.274028      1.6091888E-27
    1.286769      9.8728751E-27
    1.299636      1.5209167E-26
    1.312633      1.6972168E-26
    1.325759      2.3298589E-26
    1.339017      3.2430343E-26
    1.352407      3.0531501E-25
    1.365931      4.0888166E-25
    1.379590      4.0262436E-25
    1.393386      2.1566347E-25
    1.407320      6.9588619E-26
    1.421393      2.7766953E-26
    1.435607      5.4417840E-26
    1.449963      3.1119669E-26
    1.464463      4.4815506E-26
    1.479108      8.7260070E-26
    1.493899      2.0821224E-25
    1.508838      2.1708244E-25
    1.523926      7.1912551E-26
    1.539165      1.6453206E-26
    1.554557      5.7462332E-27
    1.570102      3.9895969E-27
    1.585803      1.5919213E-27
    1.601662      6.9068696E-28
    1.617678      6.8025863E-27
    1.633855      7.9675362E-26
    1.650193      1.0995303E-25
    1.666695      5.8724473E-26
    1.683362      5.8328730E-26
    1.700196      2.0231926E-25
    1.717198      1.4572198E-25
    1.734370      4.2496264E-26
    1.751714      2.1647990E-26
    1.769231      1.0030133E-25
    1.786923      1.0219546E-25
    1.804792      5.0837566E-26
    1.822840      1.6597950E-25
    1.841069      3.5605359E-25
    1.859479      5.1845089E-25
    1.878074      1.0650738E-25
    1.896855      1.4514864E-25
    1.915823      5.3705737E-26
    1.934982      1.3246846E-25
    1.954331      2.8586854E-25
    1.973875      2.8015867E-25
    1.993613      1.6542868E-25
    2.013550      4.9832860E-26
    2.033685      1.2472036E-26
    2.054022      3.5547673E-27
    2.074562      7.7364663E-28
    2.095308      1.5839621E-28
    2.116261      2.7396705E-28
    2.137423      3.7512651E-27
    2.158798      8.8704989E-26
    2.180386      4.3264639E-26
    2.202190      1.3548542E-25
    2.224211      3.5532486E-25
    2.246454      6.6103457E-25
    2.268918      1.3104348E-24
    2.291607      2.0826173E-24
    2.314523      1.0248889E-24
    2.337669      1.2799191E-24
    2.361045      1.2697676E-24
    2.384656      2.4766174E-25
    2.408502      1.1756108E-25
    2.432587      5.1673353E-26
    2.456913      2.9553279E-26
    2.481482      2.6946178E-26
    2.506297      4.9958520E-26
    2.531360      1.0836090E-25
    2.556674      7.6188382E-25
    2.582240      2.1308188E-24
    2.608063      2.3847473E-24
    2.634143      1.2278622E-24
    2.660485      4.4253098E-24
    2.687090      1.5781418E-24
    2.713961      5.7310809E-25
    2.741100      6.6939709E-25
    2.768511      1.7037001E-25
    2.796196      9.0723991E-26
    2.824158      1.6122954E-25
    2.852400      2.1015265E-25
    2.880924      3.0846983E-25
    2.909733      3.3416444E-25
    2.938830      4.1608029E-25
    2.968219      1.8749657E-25
    2.997901      2.0654583E-25
    3.027880      2.1431374E-25
    3.058159      1.2245593E-25
    3.088740      2.3653802E-25
    3.119628      8.3444948E-26
    3.150824      7.8848088E-26
    3.182332      1.0119389E-24
    3.214156      1.9243788E-24
    3.246297      3.3286254E-24
    3.278760      3.1965689E-24
    3.311548      1.3414696E-24
    3.344663      1.6720784E-24
    3.378110      1.7420815E-24
    3.411891      6.4808317E-25
    3.446010      4.8133376E-25
    3.480470      3.1473468E-25
    3.515275      5.9115047E-25
    3.550427      5.9549136E-25
    3.585932      1.5892612E-25
    3.621791      9.4511702E-26
    3.658009      4.2119839E-26
    3.694589      1.1858943E-25
    3.731535      6.5952179E-26
    3.768850      6.1054868E-26
    3.806539      1.0180574E-26
    3.844604      7.2386380E-26
    3.883050      3.3455840E-26
    3.921881      2.9034973E-26
    3.961099      1.5502685E-26
    4.000710      7.3008698E-27
    4.040718      5.0334198E-27
    4.081125      2.4928732E-27
    4.121936      8.7033604E-28
    4.163155      9.8612102E-29
    4.204787      9.9051696E-28
    4.246835      3.0754344E-28
    4.289303      1.6137739E-28
    4.332196      1.1344572E-28
    4.375518      5.7664886E-29
    4.419273      8.5123915E-29
    4.463466      2.4285568E-29
    4.508101      1.3458144E-29
    4.553182      4.3598540E-30
    4.598714      1.3127895E-30
    4.644701      1.9383532E-30
    4.691148      2.3757597E-29
    4.738059      4.4345411E-30
    4.785440      1.5950948E-30
    4.833294      2.0985850E-30
    4.881627      3.0353889E-30
    4.930443      6.2180825E-29
    4.979748      1.9636553E-28
    5.029545      6.6560706E-29
    5.079841      1.6163994E-28
    5.130639      1.9945480E-27
    5.181946      6.2397461E-27
    5.233765      2.2134236E-27
    5.286103      3.1633106E-27
    5.338964      4.8840925E-27
    5.392353      1.1192428E-25
    5.446277      3.6387065E-26
    5.500740      5.3788007E-26
    5.555747      1.5276060E-25
    5.611304      4.2016400E-25
    5.667418      1.4046328E-25
    5.724092      9.4794177E-25
    5.781333      4.9194077E-25
    5.839146      2.2330913E-24
    5.897537      1.1429325E-24
    5.956513      1.2996515E-24
    6.016078      3.3459328E-24
    6.076239      1.2629560E-24
    6.137001      3.0885980E-24
    6.198371      2.6167761E-25
    6.260355      2.3766625E-25
    6.322958      6.6882014E-25
    6.386188      1.5075969E-24
    6.450050      2.2899262E-24
    6.514550      7.2258341E-25
    6.579696      1.4492007E-24
    6.645493      2.4806960E-25
    6.711948      5.3484269E-26
    6.779067      1.9310835E-25
    6.846858      5.1604625E-26
    6.915326      1.3814920E-25
    6.984480      1.3459635E-25
    7.054324      1.2709348E-26
    7.124868      2.8849957E-26
    7.196116      2.1970524E-26
    7.268078      4.0166228E-26
    7.340758      4.3548688E-25
    7.414166      1.1292758E-24
    7.488308      3.9584122E-25
    7.563191      1.4903458E-25
    7.638823      2.9249980E-23
    7.715211      3.3541626E-25
    7.792363      1.5767897E-25
    7.870286      2.0958950E-25
    7.948989      1.2107322E-25
    8.028479      3.5532499E-26
    8.108764      9.3973436E-27
    8.189852      3.2895521E-27
    8.271750      1.7392005E-27
    8.354468      6.2592749E-28
    8.438012      1.9983727E-27
    8.522393      1.5779249E-28
    8.607616      1.9641790E-27
    8.693693      3.5076593E-27
    8.780630      1.6680875E-27
    8.868436      1.3857402E-26
    8.957120      3.6987693E-27
    9.046691      1.0441550E-26
    9.137158      7.8677068E-26
    9.228530      1.7687815E-26
    9.320815      9.5404718E-26
    9.414023      5.5242180E-26
    9.508164      1.7410324E-25
    9.603245      1.6994153E-25
    9.699278      8.8213481E-26
    9.796270      1.5387369E-25
    9.894233      2.3637664E-27
    9.993175      3.2084440E-25
   10.093107      2.8065086E-30
   10.194038      1.0558242E-29
   10.295979      1.9745769E-23
   10.398938      1.1925113E-25
   10.502928      2.6461724E-25
   10.607957      7.9183395E-27
   10.714037      7.2909943E-24
   10.821177      3.4488801E-26
   10.929389      1.6371917E-27
   11.038683      1.1384832E-27
   11.149070      1.5479770E-25
   11.260560      5.4747233E-28
   11.373166      1.2209440E-29
   11.486898      7.6447817E-26
   11.601766      8.5247548E-30
   11.717784      8.3043782E-26
   11.834962      4.4769242E-28
   11.953312      5.0848280E-26
   12.072845      1.6847844E-26
   12.193573      2.1395063E-26
   12.315509      8.4472170E-27
   12.438664      2.1073174E-27
   12.563051      4.1256764E-27
   12.688681      1.5650597E-27
   12.815568      2.9963643E-27
   12.943724      1.8508874E-27
   13.073161      5.9278888E-28
   13.203892      3.2274155E-28
   13.335931      4.8560615E-28
   13.469291      1.1594958E-28
   13.603984      5.8264302E-29
   13.740023      3.7359781E-28
   13.877424      8.1861878E-29
   14.016198      3.1264291E-28
   14.156360      3.1023177E-29
   14.297924      8.2517252E-30
   14.440903      1.9761735E-28
   14.585312      7.3439924E-30
   14.731165      1.3417106E-29
   14.878477      1.0046506E-28
   15.027261      1.3934977E-29
   15.177534      1.0378776E-29
   15.329309      4.3604215E-29
   15.482602      1.0003103E-29
   15.637428      3.7477162E-29
   15.793803      1.5242013E-27
   15.951741      2.6125848E-29
   16.111258      9.2969762E-30
   16.272371      4.0386361E-30
   16.435094      1.6520926E-30
   16.599445      1.2852489E-30
   16.765440      8.5073830E-28
   16.933094      1.0994184E-30
   17.102425      3.1403460E-28
   17.273449      6.6039234E-30
   17.446184      3.1750668E-29
   17.620646      8.5840936E-28
   17.796852      3.2952772E-31
   17.974821      1.3886161E-30
   18.154569      1.7530856E-27
   18.336115      9.4057236E-28
   18.519476      9.0975313E-28
   18.704670      4.0558169E-31
   18.891717      1.9460734E-27
   19.080634      6.5684055E-28
   19.271441      2.2121060E-31
   19.464155      1.0897204E-30
   19.658797      2.4617292E-30
   19.855385      2.3144577E-30
   20.053938      3.1596652E-30
   20.254478      2.6239939E-30
   20.457023      1.3019867E-26
   20.661593      5.7458175E-31
   20.868209      6.5510755E-32
   21.076891      4.8502814E-27
   21.287660      6.3572134E-31
   21.500536      2.9659803E-31
   21.715542      2.9557000E-26
   21.932697      4.6971375E-28
   22.152024      4.0941912E-31
   22.373544      1.9282205E-26
   22.597280      1.5858978E-31
   22.823253      1.4399034E-30
   23.051485      1.2201274E-26
   23.282000      3.9964265E-27
   23.514820      7.6939991E-29
   23.749968      4.4844741E-26
   23.987468      5.2222442E-32
   24.227343      1.5746717E-32
   24.469616      1.2372324E-29
   24.714312      1.5101771E-27
   24.961455      5.7412255E-26
   25.211070      1.4698664E-27
   25.463180      1.4090328E-29
   25.717812      1.4552573E-25
   25.974990      6.1502791E-29
   26.234740      8.5061222E-28
   26.497088      1.2802270E-26
   26.762059      9.4937960E-26
   27.029679      7.8297800E-29
   27.299976      1.4966833E-28
   27.572976      2.2103259E-27
   27.848705      1.7413772E-28
   28.127193      3.3810373E-26
   28.408464      3.8934741E-26
   28.692549      3.7960084E-26
   28.979475      5.3936324E-28
   29.269269      5.4475810E-29
   29.561962      7.4819601E-25
   29.857582      1.2363290E-28
